
---------------------------第 0 次迭代----------------------------------



---------------------------第 1 次迭代----------------------------------

0   1   2   3   4   5   

---------------------------第 2 次迭代----------------------------------

0   1   2   3   4   5   

---------------------------第 3 次迭代----------------------------------

0   1   2   3   4   5   

---------------------------第 4 次迭代----------------------------------

0   1   2   3   4   5   

---------------------------第 5 次迭代----------------------------------

0   1   2   3   4   5   

---------------------------第 6 次迭代----------------------------------

0   1   2   3   4   5   

---------------------------第 7 次迭代----------------------------------

0   1   2   3   4   5   

---------------------------第 8 次迭代----------------------------------

0   1   2   3   4   5   

---------------------------第 9 次迭代----------------------------------

0   1   2   3   4   5   

---------------------------第 10 次迭代----------------------------------

0   1   2   3   4   5   
