
---------------------------第 0 次迭代----------------------------------

87   109   287   331   392   418   594   724   748   774   949   989   992   1035   1117   1137   1222   1235   1276   1306   1374   1496   1564   1597   1996   
2035   2106   2211   2272   2574   2586   2625   2684   2778   2852   2958   3106   3137   3254   3270   3396   3413   3580   3803   3829   3893   

---------------------------第 1 次迭代----------------------------------

1   5   61   78   79   106   139   159   170   191   197   203   263   279   291   350   356   371   405   434   438   442   459   494   495   
509   551   556   579   583   587   592   602   603   684   689   697   725   728   733   771   792   794   804   818   821   831   855   887   891   
902   928   949   1004   1017   1035   1038   1093   1111   1120   1129   1135   1212   1268   1291   1328   1335   1367   1370   1401   1415   1473   1500   1530   1532   
1545   1555   1588   1615   1630   1643   1646   1672   1690   1692   1694   1701   1720   1732   1736   1748   1809   1816   1857   1877   1878   1881   1896   1922   1938   
1953   2067   2068   2083   2086   2121   2161   2181   2212   2213   2229   2281   2286   2289   2307   2311   2324   2329   2345   2358   2391   2400   2404   2409   2412   
2439   2450   2470   2515   2541   2568   2587   2600   2602   2652   2654   2658   2663   2670   2703   2720   2738   2746   2821   2844   2847   2865   2882   2885   2891   
2921   2929   2935   2945   2951   2960   2968   2985   2996   3007   3044   3045   3057   3064   3067   3100   3119   3120   3127   3146   3164   3177   3193   3194   3231   
3257   3274   3303   3324   3331   3334   3336   3369   3376   3406   3420   3433   3453   3474   3506   3518   3531   3548   3569   3581   3592   3594   3640   3645   3652   
3661   3674   3695   3787   3799   3809   3844   3850   3880   3891   3916   3917   3975   3981   3988   3999   4002   4021   4034   

---------------------------第 2 次迭代----------------------------------

32   68   73   79   93   96   100   102   105   110   112   115   122   129   153   173   180   181   183   184   185   186   200   211   214   
217   218   223   229   232   238   243   249   253   262   270   271   276   280   286   293   298   304   306   323   333   338   348   350   363   
366   367   368   409   411   421   427   432   445   477   484   486   495   498   509   517   519   527   528   529   532   533   541   543   551   
558   560   561   566   576   585   591   593   607   608   618   628   629   634   641   642   672   692   696   701   705   718   720   722   736   
737   742   744   747   748   749   754   763   771   772   776   783   790   793   801   815   816   818   825   834   839   843   844   856   872   
875   901   903   904   919   949   960   962   978   981   982   987   997   998   1005   1014   1023   1026   1027   1038   1048   1062   1066   1076   1078   
1098   1107   1111   1114   1117   1132   1139   1140   1141   1154   1162   1164   1166   1168   1172   1173   1175   1190   1195   1200   1214   1225   1227   1228   1235   
1237   1246   1252   1259   1273   1281   1291   1304   1315   1317   1326   1327   1339   1366   1378   1383   1388   1389   1399   1405   1420   1445   1446   1448   1459   
1461   1463   1477   1494   1497   1499   1517   1533   1542   1544   1547   1551   1552   1554   1558   1560   1562   1571   1574   1594   1601   1603   1608   1612   1615   
1620   1646   1653   1679   1681   1690   1695   1700   1701   1702   1705   1709   1712   1717   1720   1723   1726   1734   1745   1749   1766   1771   1772   1775   1778   
1779   1781   1793   1795   1797   1798   1802   1807   1820   1821   1824   1831   1852   1856   1858   1863   1887   1888   1896   1898   1899   1902   1903   1913   1926   
1941   1945   1952   1963   1970   1974   1983   1994   2007   2009   2012   2019   2024   2030   2032   2036   2055   2060   2064   2067   2078   2080   2097   2102   2116   
2122   2131   2145   2147   2156   2162   2168   2169   2180   2190   2201   2205   2215   2225   2234   2235   2239   2240   2241   2245   2251   2271   2292   2300   2304   
2314   2317   2318   2322   2328   2329   2340   2349   2352   2353   2363   2379   2410   2412   2421   2427   2428   2429   2430   2434   2438   2449   2453   2457   2486   
2493   2512   2516   2517   2539   2554   2561   2568   2576   2584   2588   2593   2594   2608   2615   2619   2621   2634   2642   2652   2659   2666   2674   2696   2715   
2717   2719   2721   2733   2737   2740   2749   2752   2758   2762   2764   2800   2806   2814   2822   2825   2837   2840   2846   2850   2851   2854   2858   2865   2881   
2884   2889   2890   2891   2894   2910   2928   2945   2948   2952   2953   2963   2964   2968   2974   3003   3005   3007   3008   3009   3016   3025   3034   3064   3070   
3076   3092   3100   3101   3110   3111   3116   3118   3119   3128   3135   3137   3141   3143   3148   3159   3177   3188   3193   3204   3217   3233   3236   3239   3265   
3267   3279   3287   3295   3299   3327   3336   3340   3347   3363   3364   3369   3371   3376   3383   3387   3389   3392   3397   3403   3405   3406   3411   3427   3446   
3456   3467   3468   3476   3477   3480   3481   3482   3492   3500   3509   3510   3520   3522   3526   3528   3531   3542   3547   3555   3568   3571   3582   3590   3593   
3598   3603   3607   3623   3626   3646   3656   3669   3671   3682   3691   3693   3694   3696   3702   3706   3712   3714   3715   3719   3733   3741   3748   3773   3775   
3783   3785   3786   3792   3793   3798   3802   3807   3817   3822   3829   3831   3834   3835   3846   3863   3903   3914   3916   3917   3923   3934   3936   3939   3950   
3954   3956   3965   3968   3981   3984   4009   4018   4023   4024   4033   

---------------------------第 3 次迭代----------------------------------

2   3   12   13   16   19   23   32   37   45   47   48   50   53   57   63   64   68   69   75   78   81   86   94   103   
105   106   119   125   126   127   133   136   138   141   143   154   163   174   180   182   184   186   189   191   193   195   201   207   214   
224   226   228   232   241   245   247   249   260   277   282   288   291   301   303   309   320   327   330   331   334   336   337   339   351   
352   361   364   369   375   377   379   382   389   396   397   405   407   410   411   415   418   425   429   430   434   436   444   448   455   
460   463   471   473   474   478   481   483   484   494   496   497   498   499   500   501   515   517   523   524   525   526   529   532   535   
538   542   546   551   558   564   569   577   582   587   588   589   595   596   597   601   603   607   608   612   615   621   622   624   627   
628   632   634   635   637   641   642   645   647   648   650   655   670   671   672   679   682   690   702   704   706   708   709   711   721   
732   734   748   750   766   767   771   776   777   778   779   782   786   789   796   798   799   804   813   815   820   826   828   832   844   
846   848   853   864   871   872   875   877   880   882   885   887   889   891   899   901   909   911   912   923   931   938   945   950   953   
954   958   967   970   976   981   982   986   987   992   994   999   1004   1007   1010   1016   1019   1020   1027   1028   1030   1032   1034   1046   1048   
1051   1055   1058   1065   1068   1070   1077   1083   1085   1087   1089   1090   1091   1093   1096   1103   1108   1111   1114   1116   1124   1127   1129   1130   1131   
1138   1142   1146   1147   1149   1161   1164   1165   1169   1170   1173   1179   1181   1182   1183   1190   1191   1196   1197   1200   1201   1213   1218   1226   1230   
1232   1235   1238   1241   1242   1243   1245   1251   1254   1255   1256   1258   1265   1266   1273   1277   1278   1282   1285   1292   1294   1299   1306   1307   1310   
1313   1317   1320   1321   1322   1323   1325   1331   1334   1335   1343   1346   1347   1350   1358   1359   1362   1366   1367   1374   1377   1381   1384   1388   1390   
1391   1393   1395   1401   1404   1406   1407   1413   1418   1420   1425   1428   1429   1430   1431   1434   1436   1438   1440   1441   1448   1449   1450   1452   1453   
1454   1458   1461   1463   1465   1466   1467   1470   1478   1480   1482   1485   1488   1490   1492   1493   1497   1498   1504   1505   1509   1514   1522   1524   1538   
1542   1543   1544   1545   1546   1550   1551   1552   1554   1560   1562   1564   1567   1571   1574   1575   1582   1585   1586   1587   1589   1590   1594   1596   1600   
1605   1608   1609   1612   1613   1614   1616   1617   1623   1629   1634   1636   1637   1638   1640   1644   1650   1654   1655   1660   1663   1670   1671   1672   1677   
1678   1688   1689   1694   1695   1697   1699   1700   1702   1704   1707   1710   1713   1714   1723   1725   1727   1728   1732   1736   1737   1741   1746   1747   1749   
1751   1753   1754   1755   1760   1767   1768   1769   1770   1771   1780   1789   1790   1793   1804   1805   1809   1816   1822   1842   1843   1846   1852   1859   1861   
1865   1886   1891   1893   1897   1899   1900   1901   1902   1905   1910   1912   1914   1916   1925   1933   1934   1935   1939   1947   1955   1960   1962   1964   1966   
1967   1972   1973   1977   1979   1981   1983   2000   2002   2003   2008   2009   2013   2024   2029   2032   2036   2044   2054   2059   2063   2078   2086   2087   2090   
2091   2093   2097   2098   2099   2100   2104   2110   2116   2119   2120   2123   2124   2125   2128   2129   2130   2135   2137   2142   2146   2147   2148   2153   2154   
2155   2156   2161   2162   2166   2167   2178   2181   2205   2207   2209   2217   2218   2224   2225   2227   2234   2235   2239   2241   2246   2249   2252   2259   2263   
2267   2268   2277   2283   2288   2296   2311   2315   2316   2317   2322   2328   2329   2338   2340   2346   2347   2348   2352   2366   2369   2385   2388   2389   2393   
2396   2399   2401   2402   2410   2413   2415   2417   2418   2425   2426   2429   2433   2448   2452   2454   2459   2464   2466   2475   2477   2483   2486   2493   2494   
2502   2505   2513   2516   2517   2520   2524   2531   2533   2535   2536   2537   2541   2546   2548   2552   2554   2556   2557   2558   2561   2568   2572   2575   2576   
2583   2587   2592   2594   2596   2597   2599   2604   2606   2607   2610   2611   2617   2618   2621   2622   2625   2637   2639   2643   2645   2647   2648   2654   2655   
2658   2665   2666   2671   2675   2676   2677   2678   2683   2686   2689   2690   2694   2700   2701   2703   2705   2706   2707   2708   2709   2710   2713   2723   2729   
2731   2735   2737   2744   2749   2751   2754   2756   2762   2763   2766   2768   2772   2774   2776   2777   2781   2784   2786   2787   2789   2790   2792   2793   2794   
2796   2797   2802   2803   2807   2812   2821   2828   2832   2835   2861   2869   2871   2873   2875   2877   2880   2882   2886   2887   2892   2896   2897   2899   2904   
2911   2914   2923   2925   2926   2927   2940   2943   2945   2946   2955   2961   2963   2989   2992   3000   3004   3005   3014   3015   3017   3023   3032   3035   3038   
3045   3048   3054   3055   3060   3065   3066   3069   3071   3073   3078   3080   3086   3087   3088   3089   3095   3096   3102   3108   3109   3120   3125   3128   3131   
3132   3134   3137   3139   3140   3142   3149   3153   3157   3158   3162   3163   3164   3166   3167   3169   3170   3173   3176   3177   3184   3187   3188   3189   3190   
3191   3204   3208   3209   3214   3216   3218   3222   3223   3236   3237   3239   3244   3247   3248   3255   3259   3261   3265   3266   3269   3271   3274   3281   3282   
3284   3287   3291   3295   3302   3303   3307   3311   3316   3326   3329   3333   3343   3344   3355   3363   3371   3373   3383   3384   3394   3397   3399   3405   3409   
3411   3413   3421   3425   3434   3442   3444   3450   3453   3460   3476   3483   3484   3498   3503   3510   3527   3531   3533   3537   3551   3553   3554   3555   3557   
3564   3567   3568   3570   3576   3577   3582   3586   3587   3593   3595   3598   3601   3605   3609   3612   3617   3618   3620   3622   3626   3650   3652   3655   3658   
3659   3661   3664   3665   3670   3673   3682   3686   3696   3706   3718   3721   3722   3727   3728   3730   3731   3742   3747   3759   3760   3771   3776   3778   3800   
3803   3806   3807   3811   3812   3814   3823   3830   3833   3837   3838   3839   3841   3843   3850   3851   3860   3862   3863   3865   3874   3877   3878   3880   3883   
3891   3892   3895   3898   3899   3901   3912   3913   3914   3916   3921   3922   3927   3928   3931   3933   3943   3946   3948   3952   3956   3959   3962   3966   3967   
3970   3971   3973   3978   3986   3989   3995   3996   4000   4001   4004   4012   4013   4015   4017   4018   4020   4021   4031   4032   4035   

---------------------------第 4 次迭代----------------------------------

6   7   12   13   14   20   22   27   29   40   42   53   54   57   58   62   63   65   66   72   73   74   85   90   97   
98   100   102   106   107   108   111   112   113   133   135   146   150   153   156   167   171   179   180   190   196   200   201   203   208   
212   213   223   224   225   230   231   234   235   236   239   240   241   242   245   254   255   256   259   260   262   263   265   267   269   
270   271   272   277   282   283   287   295   296   298   299   303   311   319   325   328   331   338   339   341   342   350   351   356   363   
365   368   370   375   377   380   385   386   387   392   393   394   395   397   398   401   402   403   404   406   411   413   416   421   423   
425   426   427   430   434   437   444   445   448   451   458   461   465   466   469   470   473   476   478   483   488   491   495   500   502   
504   514   517   525   528   534   539   550   554   557   560   562   564   568   571   576   580   585   596   601   602   603   604   608   613   
617   618   620   625   628   630   635   642   644   645   648   655   659   661   664   670   677   685   697   699   704   705   706   707   715   
720   722   725   728   734   745   753   756   761   762   766   767   775   779   781   783   784   785   787   788   794   796   797   799   803   
806   807   809   815   820   822   824   831   832   839   841   848   850   857   858   864   866   868   873   875   885   898   903   904   908   
913   926   936   941   943   945   947   950   951   954   955   959   961   965   967   970   975   976   977   986   993   995   996   997   999   
1002   1003   1004   1006   1013   1019   1022   1027   1030   1036   1037   1041   1044   1047   1054   1055   1058   1059   1060   1066   1073   1075   1077   1078   1081   
1085   1102   1104   1107   1108   1113   1124   1126   1127   1129   1135   1136   1137   1141   1143   1146   1148   1151   1152   1158   1161   1166   1169   1177   1182   
1187   1189   1195   1197   1200   1202   1204   1217   1221   1226   1229   1232   1239   1243   1248   1249   1258   1259   1264   1276   1278   1282   1284   1287   1290   
1292   1294   1295   1298   1300   1301   1303   1309   1310   1312   1313   1315   1318   1323   1327   1328   1329   1334   1336   1337   1340   1341   1343   1346   1348   
1350   1353   1358   1361   1370   1373   1375   1386   1388   1389   1390   1391   1395   1404   1405   1409   1413   1414   1415   1418   1422   1423   1428   1429   1432   
1434   1438   1439   1442   1446   1447   1449   1450   1451   1457   1458   1460   1463   1467   1470   1471   1472   1473   1475   1476   1485   1488   1489   1491   1492   
1493   1503   1508   1519   1520   1523   1531   1533   1535   1541   1543   1546   1547   1556   1557   1558   1560   1563   1564   1572   1575   1578   1579   1581   1582   
1583   1585   1587   1592   1611   1616   1617   1622   1627   1633   1636   1638   1639   1642   1648   1649   1650   1655   1657   1661   1669   1671   1677   1682   1690   
1693   1694   1696   1698   1699   1701   1708   1710   1713   1716   1720   1722   1724   1728   1731   1741   1743   1750   1757   1758   1759   1763   1772   1774   1779   
1818   1823   1826   1829   1832   1834   1835   1836   1840   1841   1843   1844   1849   1851   1852   1856   1860   1861   1864   1865   1866   1867   1868   1869   1871   
1874   1877   1878   1880   1881   1883   1885   1890   1893   1899   1905   1912   1914   1918   1922   1923   1929   1930   1933   1934   1935   1936   1938   1945   1948   
1949   1954   1956   1958   1960   1961   1970   1971   1988   1989   1994   1996   2000   2002   2015   2018   2019   2021   2028   2034   2043   2044   2045   2048   2049   
2054   2057   2058   2059   2061   2062   2065   2068   2071   2075   2076   2082   2095   2099   2103   2104   2108   2110   2111   2112   2113   2124   2126   2131   2135   
2138   2139   2140   2147   2154   2166   2169   2170   2171   2175   2178   2181   2182   2187   2188   2191   2195   2196   2197   2199   2200   2201   2202   2206   2210   
2221   2224   2232   2235   2238   2244   2251   2252   2257   2259   2260   2262   2267   2268   2270   2279   2282   2283   2286   2287   2292   2296   2304   2307   2312   
2313   2316   2319   2321   2328   2330   2335   2337   2338   2341   2346   2348   2349   2355   2359   2361   2362   2365   2370   2375   2376   2384   2386   2388   2389   
2391   2395   2397   2405   2413   2416   2418   2425   2428   2429   2430   2433   2442   2443   2444   2445   2453   2460   2469   2471   2474   2476   2481   2484   2487   
2489   2498   2500   2506   2508   2509   2514   2526   2530   2531   2533   2534   2535   2537   2546   2553   2556   2557   2566   2567   2568   2569   2570   2579   2583   
2585   2586   2589   2593   2602   2613   2626   2627   2631   2634   2635   2637   2639   2642   2644   2649   2652   2653   2656   2658   2659   2666   2672   2675   2679   
2682   2685   2690   2692   2695   2696   2697   2699   2704   2705   2710   2711   2714   2715   2717   2718   2722   2726   2728   2731   2739   2740   2750   2752   2755   
2758   2759   2762   2768   2773   2774   2776   2779   2782   2783   2785   2786   2788   2789   2790   2791   2793   2794   2798   2804   2810   2817   2819   2820   2822   
2823   2824   2827   2830   2835   2842   2845   2846   2847   2850   2854   2858   2859   2862   2863   2865   2866   2870   2873   2876   2878   2883   2889   2890   2894   
2899   2907   2908   2918   2919   2928   2930   2932   2933   2935   2936   2937   2940   2941   2944   2945   2954   2972   2980   2988   2995   3000   3004   3009   3010   
3011   3015   3017   3019   3022   3023   3025   3029   3032   3035   3037   3038   3041   3048   3052   3057   3059   3071   3093   3095   3099   3108   3109   3110   3117   
3122   3125   3127   3130   3133   3136   3142   3143   3145   3146   3148   3150   3154   3155   3158   3159   3161   3167   3171   3180   3187   3193   3197   3199   3200   
3204   3218   3226   3228   3232   3238   3244   3249   3250   3252   3256   3257   3263   3264   3268   3270   3271   3275   3289   3292   3296   3301   3308   3309   3310   
3311   3312   3315   3328   3329   3330   3331   3332   3342   3344   3346   3351   3356   3362   3364   3365   3367   3368   3375   3380   3382   3384   3393   3400   3401   
3402   3405   3406   3407   3411   3412   3416   3433   3434   3441   3442   3445   3447   3448   3452   3458   3461   3474   3476   3477   3478   3479   3480   3482   3486   
3487   3493   3504   3508   3516   3523   3535   3538   3539   3543   3545   3546   3547   3550   3554   3556   3558   3564   3567   3568   3575   3576   3583   3585   3587   
3588   3589   3591   3594   3595   3596   3601   3602   3604   3605   3611   3612   3618   3620   3625   3631   3637   3638   3639   3643   3645   3648   3652   3657   3659   
3661   3663   3664   3667   3668   3670   3672   3675   3681   3683   3685   3690   3691   3695   3703   3711   3715   3718   3719   3720   3734   3735   3736   3737   3739   
3740   3741   3743   3745   3747   3749   3751   3752   3753   3759   3763   3764   3766   3767   3770   3771   3772   3773   3774   3777   3784   3787   3791   3792   3793   
3794   3796   3798   3811   3814   3816   3824   3826   3827   3828   3830   3839   3844   3848   3856   3858   3859   3861   3863   3864   3868   3870   3875   3876   3879   
3881   3886   3889   3890   3892   3897   3901   3907   3909   3911   3912   3916   3918   3920   3921   3923   3925   3929   3930   3933   3934   3935   3940   3942   3948   
3951   3953   3959   3962   3972   3975   3977   3980   3983   3985   3986   3990   4000   4003   4011   4013   4021   4026   4027   4029   4031   

---------------------------第 5 次迭代----------------------------------

8   13   16   20   22   27   28   30   31   32   34   37   42   43   44   45   47   49   52   55   56   57   60   62   63   
64   67   69   71   77   78   83   85   86   87   90   92   93   94   98   100   111   114   115   116   117   121   122   123   124   
125   128   130   135   136   139   140   141   144   145   146   147   149   153   155   159   162   165   167   168   174   179   181   186   187   
200   204   207   208   211   212   213   221   222   229   232   233   238   239   244   246   250   251   253   255   256   261   263   264   266   
271   272   280   281   283   284   285   286   288   290   291   292   293   298   299   302   303   306   309   316   321   324   325   326   328   
333   336   340   341   344   347   349   350   352   357   361   370   372   374   377   381   384   386   400   401   403   408   411   412   420   
434   435   438   442   452   453   455   458   461   465   469   472   487   504   508   512   513   515   517   518   521   531   532   534   537   
540   541   542   546   552   554   560   565   574   575   576   577   579   580   581   583   596   599   601   602   608   609   611   617   620   
631   632   634   638   639   640   644   646   654   656   663   664   665   669   684   685   687   689   690   691   693   702   703   707   711   
712   715   717   720   722   724   725   727   728   730   735   744   745   750   752   753   754   755   756   757   758   760   764   767   768   
769   772   773   779   780   785   790   792   793   795   798   802   803   807   812   814   815   823   824   829   830   831   832   833   839   
840   841   842   844   845   851   853   855   858   859   861   873   874   876   886   888   889   891   894   895   900   903   906   908   909   
911   912   913   915   917   921   923   924   926   927   930   931   934   936   945   949   950   956   958   959   960   965   966   968   969   
973   976   977   982   985   986   987   988   990   991   992   998   1001   1004   1010   1017   1022   1023   1024   1027   1028   1030   1037   1040   1042   
1046   1050   1055   1057   1059   1060   1061   1074   1077   1081   1082   1084   1087   1088   1098   1105   1107   1112   1116   1117   1123   1124   1127   1129   1134   
1135   1136   1143   1146   1148   1149   1150   1151   1153   1154   1156   1157   1161   1168   1169   1170   1173   1176   1179   1183   1189   1193   1194   1211   1213   
1218   1219   1231   1232   1237   1238   1239   1247   1249   1250   1251   1252   1253   1257   1260   1266   1268   1269   1270   1275   1276   1277   1282   1286   1290   
1295   1298   1300   1301   1303   1306   1311   1315   1320   1322   1329   1336   1337   1340   1344   1350   1355   1358   1360   1361   1365   1367   1368   1377   1378   
1381   1384   1386   1392   1393   1395   1398   1399   1402   1403   1405   1406   1408   1409   1410   1412   1414   1417   1418   1428   1429   1432   1433   1434   1436   
1439   1448   1452   1455   1457   1460   1465   1466   1471   1476   1481   1484   1485   1486   1487   1492   1497   1498   1504   1506   1507   1511   1513   1517   1519   
1520   1525   1526   1532   1535   1538   1541   1546   1547   1551   1554   1556   1561   1565   1573   1581   1582   1585   1587   1591   1592   1599   1600   1602   1606   
1607   1612   1613   1616   1617   1618   1621   1625   1627   1629   1632   1633   1635   1636   1638   1643   1652   1653   1656   1658   1659   1661   1665   1668   1669   
1671   1673   1678   1679   1682   1688   1689   1696   1702   1705   1709   1712   1713   1724   1725   1726   1728   1730   1731   1733   1735   1736   1740   1741   1743   
1750   1757   1760   1762   1763   1765   1766   1767   1768   1769   1770   1772   1773   1776   1777   1779   1784   1785   1786   1787   1788   1792   1794   1795   1805   
1808   1811   1817   1818   1820   1821   1823   1824   1830   1832   1839   1846   1859   1863   1870   1873   1875   1879   1881   1882   1883   1885   1886   1890   1893   
1896   1899   1907   1908   1909   1914   1920   1926   1929   1931   1932   1939   1940   1941   1945   1946   1951   1954   1957   1958   1963   1967   1968   1969   1974   
1977   1979   1980   1981   1982   1983   1986   1988   1989   1991   1997   1998   2002   2004   2005   2008   2012   2014   2015   2017   2018   2022   2024   2034   2039   
2040   2047   2051   2052   2053   2055   2058   2061   2062   2065   2066   2067   2068   2073   2074   2081   2083   2085   2088   2089   2092   2093   2094   2098   2100   
2102   2106   2110   2111   2122   2124   2126   2128   2129   2130   2135   2139   2142   2143   2145   2146   2148   2151   2152   2158   2159   2160   2161   2162   2169   
2172   2176   2177   2178   2186   2187   2189   2192   2199   2201   2202   2205   2209   2210   2211   2216   2217   2218   2219   2222   2230   2232   2236   2244   2249   
2250   2253   2259   2261   2264   2265   2266   2272   2274   2276   2278   2279   2284   2285   2290   2296   2297   2300   2305   2306   2309   2310   2311   2313   2316   
2320   2322   2327   2328   2330   2331   2334   2338   2342   2352   2354   2356   2361   2367   2369   2372   2381   2389   2390   2398   2410   2414   2415   2416   2419   
2422   2423   2425   2431   2432   2439   2442   2446   2455   2456   2459   2461   2462   2467   2469   2470   2471   2474   2480   2485   2486   2487   2488   2490   2492   
2493   2502   2506   2507   2508   2514   2517   2519   2532   2535   2538   2540   2543   2545   2546   2552   2553   2555   2569   2570   2573   2578   2579   2580   2585   
2589   2591   2594   2595   2596   2597   2598   2599   2602   2603   2606   2610   2621   2624   2625   2627   2629   2633   2634   2645   2652   2653   2656   2658   2659   
2660   2665   2668   2671   2677   2678   2682   2684   2692   2695   2696   2698   2703   2706   2711   2714   2719   2724   2726   2729   2730   2732   2734   2735   2737   
2742   2743   2745   2752   2753   2758   2761   2762   2763   2764   2766   2769   2772   2774   2775   2776   2779   2782   2785   2786   2798   2799   2800   2804   2812   
2816   2818   2823   2828   2835   2839   2843   2847   2854   2866   2868   2872   2873   2874   2877   2886   2891   2893   2894   2898   2900   2903   2908   2910   2922   
2928   2934   2936   2944   2948   2957   2960   2968   2972   2973   2975   2977   2984   2986   2995   2998   2999   3002   3003   3007   3008   3009   3012   3014   3018   
3029   3031   3034   3037   3038   3039   3040   3043   3047   3048   3054   3056   3057   3060   3062   3065   3069   3071   3073   3074   3076   3079   3084   3087   3090   
3093   3095   3097   3098   3099   3103   3107   3108   3111   3121   3124   3128   3130   3131   3140   3143   3145   3147   3155   3156   3159   3165   3167   3177   3178   
3179   3183   3185   3186   3192   3196   3202   3204   3211   3214   3221   3227   3230   3237   3238   3240   3244   3248   3250   3251   3253   3255   3258   3264   3265   
3275   3279   3281   3282   3283   3286   3287   3288   3291   3297   3307   3310   3314   3315   3322   3326   3327   3329   3330   3332   3334   3336   3338   3340   3342   
3359   3360   3368   3370   3371   3372   3373   3374   3377   3382   3383   3389   3393   3395   3398   3402   3403   3404   3407   3408   3412   3414   3415   3416   3417   
3418   3421   3424   3426   3428   3429   3430   3431   3433   3439   3441   3444   3449   3452   3454   3456   3458   3460   3466   3467   3471   3472   3473   3474   3478   
3479   3481   3488   3490   3492   3493   3495   3499   3501   3511   3513   3514   3527   3529   3530   3533   3539   3541   3543   3552   3554   3555   3561   3562   3563   
3564   3568   3573   3574   3579   3583   3584   3586   3588   3593   3595   3596   3601   3602   3613   3617   3619   3621   3624   3625   3627   3629   3638   3641   3645   
3646   3647   3654   3656   3659   3660   3661   3664   3667   3668   3670   3673   3680   3681   3694   3696   3700   3707   3708   3715   3720   3723   3726   3732   3733   
3737   3741   3743   3745   3746   3753   3759   3763   3764   3768   3769   3770   3777   3787   3791   3794   3795   3798   3801   3803   3812   3815   3824   3825   3827   
3828   3842   3848   3849   3850   3853   3856   3860   3864   3865   3866   3867   3870   3875   3876   3878   3879   3880   3882   3885   3886   3891   3894   3902   3903   
3904   3912   3913   3914   3920   3923   3929   3932   3934   3936   3940   3946   3948   3949   3951   3955   3957   3959   3964   3965   3967   3972   3974   3976   3979   
3980   3981   3987   3989   3992   3994   3995   3996   3998   4000   4001   4002   4004   4005   4006   4007   4011   4015   4020   4021   4023   4026   4035   

---------------------------第 6 次迭代----------------------------------

5   7   8   9   10   18   20   24   25   26   27   28   30   34   37   40   41   49   50   51   53   57   59   62   65   
66   67   71   72   73   77   81   87   89   90   95   97   101   105   106   107   114   115   119   121   126   129   131   136   140   
141   144   148   150   151   152   154   155   156   157   158   159   161   162   166   167   172   173   178   179   180   183   186   188   189   
190   191   192   194   201   204   206   209   213   215   218   222   224   229   231   239   241   242   244   247   248   249   250   252   253   
261   263   265   267   269   274   278   282   283   285   287   290   291   292   293   294   298   304   307   308   310   317   323   330   331   
334   336   337   338   340   348   352   358   359   361   365   366   368   369   373   376   379   380   382   387   388   389   390   393   399   
400   401   402   404   405   408   409   410   412   416   418   421   423   426   427   429   431   437   441   442   445   450   452   458   461   
464   465   466   470   471   475   477   481   486   487   491   492   498   501   502   506   507   508   511   512   513   515   516   517   519   
520   521   522   525   528   529   536   545   548   552   553   564   565   571   572   573   575   578   579   583   585   587   588   594   596   
597   601   603   608   609   614   615   620   625   627   632   633   636   638   642   643   645   647   657   658   664   666   669   670   672   
673   677   678   681   687   689   694   695   697   698   699   700   701   705   706   707   711   712   713   718   720   721   723   725   729   
731   740   742   743   744   746   747   751   752   755   756   759   763   766   770   772   774   777   778   781   782   784   786   787   789   
790   796   798   800   801   807   809   810   814   819   823   825   827   828   829   830   831   832   833   840   841   842   847   854   857   
858   859   860   861   862   865   868   876   877   878   888   889   892   897   899   901   903   905   906   909   917   918   919   922   923   
926   928   929   930   936   937   940   943   947   948   950   955   960   963   966   968   969   970   974   975   978   980   981   982   983   
984   988   990   991   992   997   998   999   1002   1003   1005   1006   1009   1015   1018   1019   1020   1021   1024   1026   1031   1032   1033   1034   1035   
1036   1037   1039   1041   1042   1043   1044   1047   1049   1051   1056   1059   1060   1062   1066   1068   1070   1071   1072   1073   1077   1080   1082   1088   1089   
1091   1093   1096   1098   1099   1100   1101   1102   1103   1105   1106   1107   1108   1109   1111   1112   1113   1114   1125   1129   1132   1140   1141   1142   1145   
1147   1149   1151   1152   1154   1156   1157   1162   1168   1169   1170   1171   1173   1174   1176   1180   1183   1184   1186   1190   1192   1198   1200   1201   1205   
1206   1208   1212   1213   1217   1221   1226   1229   1230   1232   1234   1236   1241   1243   1244   1249   1254   1255   1256   1258   1260   1262   1264   1266   1268   
1271   1274   1276   1277   1278   1284   1286   1287   1288   1289   1290   1291   1296   1297   1314   1320   1321   1322   1323   1325   1327   1329   1332   1333   1336   
1337   1342   1343   1347   1349   1352   1353   1356   1357   1362   1367   1369   1371   1377   1381   1383   1385   1387   1391   1394   1399   1401   1403   1405   1409   
1411   1412   1414   1418   1419   1426   1430   1431   1435   1440   1441   1443   1446   1449   1451   1453   1460   1464   1465   1466   1468   1472   1473   1474   1477   
1478   1484   1488   1491   1495   1496   1498   1501   1503   1506   1513   1514   1515   1521   1523   1525   1527   1530   1533   1535   1536   1537   1538   1539   1540   
1543   1548   1550   1552   1554   1556   1559   1563   1564   1565   1571   1575   1579   1581   1582   1587   1591   1592   1596   1600   1601   1602   1604   1605   1607   
1609   1611   1618   1619   1620   1627   1629   1630   1632   1633   1634   1635   1637   1638   1639   1642   1648   1657   1658   1661   1662   1663   1665   1666   1667   
1668   1669   1671   1674   1676   1679   1689   1693   1695   1699   1704   1705   1706   1711   1712   1715   1716   1718   1720   1721   1723   1724   1725   1726   1729   
1733   1736   1745   1747   1752   1753   1764   1766   1768   1769   1773   1774   1778   1780   1782   1783   1786   1789   1790   1792   1794   1795   1796   1797   1798   
1799   1801   1804   1805   1812   1813   1816   1818   1819   1822   1828   1829   1835   1837   1840   1845   1858   1863   1865   1871   1872   1873   1874   1879   1880   
1884   1891   1896   1898   1899   1900   1903   1904   1906   1907   1909   1910   1911   1913   1914   1916   1917   1920   1927   1931   1937   1939   1945   1955   1957   
1958   1959   1960   1966   1967   1968   1971   1978   1979   1980   1981   1982   1984   1986   1994   1995   1997   2003   2004   2012   2013   2014   2015   2023   2025   
2027   2029   2034   2038   2040   2042   2043   2045   2047   2048   2051   2054   2057   2061   2064   2068   2074   2078   2083   2085   2086   2089   2092   2093   2097   
2099   2102   2103   2106   2109   2117   2122   2124   2127   2131   2134   2135   2138   2139   2142   2143   2147   2149   2150   2151   2152   2156   2161   2163   2164   
2167   2169   2170   2173   2181   2182   2185   2187   2201   2202   2211   2214   2215   2217   2218   2224   2225   2228   2232   2235   2240   2241   2245   2246   2248   
2252   2254   2257   2266   2267   2269   2273   2274   2276   2277   2283   2284   2286   2291   2292   2294   2297   2299   2303   2308   2316   2317   2318   2320   2327   
2334   2335   2336   2339   2341   2345   2346   2348   2350   2352   2356   2360   2362   2367   2372   2373   2378   2381   2384   2397   2399   2400   2401   2403   2404   
2410   2412   2414   2416   2423   2426   2427   2430   2434   2438   2440   2446   2451   2461   2466   2472   2473   2474   2476   2478   2484   2488   2489   2491   2492   
2495   2498   2499   2501   2503   2507   2510   2512   2513   2514   2519   2522   2526   2527   2534   2535   2536   2538   2539   2540   2541   2546   2550   2551   2555   
2557   2559   2560   2563   2568   2569   2573   2576   2577   2581   2598   2599   2602   2610   2612   2613   2614   2619   2620   2621   2624   2625   2626   2632   2634   
2635   2636   2637   2638   2639   2642   2643   2654   2655   2661   2665   2670   2677   2681   2684   2685   2686   2691   2692   2694   2695   2696   2702   2703   2704   
2708   2711   2716   2717   2720   2721   2722   2728   2730   2732   2733   2736   2739   2741   2742   2745   2750   2753   2754   2755   2757   2758   2761   2762   2764   
2765   2766   2768   2770   2771   2773   2774   2776   2780   2782   2783   2785   2786   2790   2791   2794   2799   2802   2806   2811   2813   2817   2822   2827   2832   
2833   2835   2841   2842   2847   2854   2860   2862   2871   2872   2874   2876   2879   2880   2882   2883   2884   2885   2887   2888   2889   2891   2892   2896   2901   
2903   2905   2906   2907   2908   2913   2914   2918   2919   2921   2922   2924   2930   2931   2935   2940   2943   2947   2948   2956   2957   2960   2964   2967   2968   
2970   2972   2973   2974   2978   2981   2986   2990   2992   2995   2996   2997   2999   3000   3006   3008   3009   3012   3014   3015   3022   3030   3031   3043   3046   
3050   3051   3052   3053   3054   3055   3056   3066   3068   3069   3071   3074   3077   3078   3079   3081   3083   3085   3088   3089   3090   3099   3101   3102   3106   
3108   3109   3111   3112   3113   3115   3121   3125   3130   3131   3133   3137   3140   3141   3144   3146   3151   3152   3153   3155   3161   3162   3164   3167   3171   
3174   3176   3177   3178   3180   3181   3184   3185   3186   3188   3190   3191   3192   3197   3199   3201   3202   3204   3205   3206   3207   3209   3212   3214   3216   
3217   3219   3221   3225   3228   3229   3232   3236   3241   3242   3243   3248   3249   3256   3257   3258   3260   3263   3264   3265   3267   3269   3270   3278   3280   
3281   3282   3284   3287   3292   3295   3297   3298   3301   3302   3304   3314   3315   3317   3319   3322   3327   3328   3331   3336   3339   3340   3342   3344   3347   
3348   3351   3353   3354   3360   3362   3364   3365   3366   3367   3369   3370   3373   3376   3377   3379   3380   3382   3383   3388   3391   3393   3394   3396   3398   
3400   3401   3403   3407   3409   3412   3415   3416   3417   3418   3419   3422   3423   3424   3425   3426   3429   3430   3431   3433   3434   3435   3439   3440   3443   
3444   3445   3448   3450   3454   3457   3461   3466   3469   3473   3479   3481   3482   3484   3485   3490   3492   3494   3497   3498   3500   3506   3511   3512   3518   
3521   3523   3525   3527   3529   3530   3535   3536   3540   3549   3551   3552   3556   3558   3560   3563   3566   3571   3572   3574   3581   3582   3584   3586   3587   
3588   3589   3590   3595   3596   3601   3606   3608   3611   3613   3614   3616   3617   3619   3620   3622   3623   3624   3625   3627   3629   3631   3635   3640   3643   
3647   3648   3650   3651   3652   3653   3654   3657   3662   3663   3664   3666   3667   3671   3678   3679   3680   3682   3687   3688   3689   3690   3692   3698   3700   
3705   3706   3711   3713   3714   3715   3716   3718   3720   3725   3729   3731   3734   3736   3742   3743   3744   3746   3749   3751   3752   3760   3762   3763   3767   
3769   3772   3776   3777   3780   3782   3783   3785   3789   3792   3793   3795   3796   3797   3798   3800   3802   3803   3804   3813   3814   3819   3820   3824   3825   
3828   3829   3830   3831   3832   3833   3834   3835   3840   3850   3856   3860   3866   3867   3869   3870   3872   3873   3874   3876   3877   3879   3880   3882   3884   
3886   3893   3894   3895   3896   3897   3899   3900   3908   3912   3915   3917   3918   3921   3923   3924   3926   3929   3930   3931   3932   3934   3935   3940   3941   
3942   3944   3950   3955   3956   3957   3958   3959   3963   3969   3970   3972   3973   3974   3980   3981   3983   3984   3988   3989   3991   3997   3999   4001   4006   
4007   4008   4014   4016   4019   4020   4022   4024   4025   4026   4029   4033   4036   

---------------------------第 7 次迭代----------------------------------

0   5   6   8   9   11   12   14   16   17   19   20   22   27   28   29   30   31   32   33   34   37   40   42   44   
46   52   71   78   79   84   85   86   88   90   91   97   99   100   105   106   108   109   114   116   119   121   122   124   125   
126   131   135   136   143   145   147   152   153   157   162   166   167   170   176   177   178   180   181   183   184   187   191   195   197   
206   207   210   216   217   219   221   222   226   227   229   230   231   233   234   240   242   246   247   251   255   256   257   258   260   
264   266   269   270   275   277   280   281   282   284   285   286   287   289   292   293   297   299   300   308   309   311   312   316   320   
326   332   335   338   340   342   344   346   354   355   356   357   362   367   368   369   373   376   380   382   384   385   386   390   391   
392   394   395   397   398   402   403   404   407   408   411   418   419   420   424   425   431   432   437   440   443   444   445   447   448   
450   451   452   453   454   456   461   462   464   465   474   475   476   481   485   487   492   497   499   500   503   505   509   510   515   
517   519   520   525   526   530   531   532   533   536   537   538   539   540   545   546   547   548   549   550   555   559   560   563   565   
568   570   571   573   574   575   576   577   578   581   585   586   587   588   591   592   594   597   598   599   601   603   605   608   609   
610   614   618   623   624   626   630   632   634   636   641   642   650   652   656   658   660   661   664   665   670   672   675   679   686   
687   689   691   693   694   696   697   698   700   701   705   706   707   708   709   713   715   719   721   723   727   728   734   735   737   
741   753   754   756   757   758   761   764   765   766   767   774   775   776   778   782   784   786   788   789   794   796   800   801   803   
808   809   810   811   814   815   821   822   826   827   829   830   831   834   837   838   842   845   846   848   849   852   855   857   858   
859   862   863   867   874   875   876   878   880   883   886   888   893   894   895   897   901   904   905   914   915   918   919   920   921   
928   930   938   940   941   950   954   956   961   966   968   971   974   976   977   981   983   984   989   991   992   994   998   999   1004   
1006   1009   1012   1013   1015   1016   1019   1020   1026   1027   1029   1030   1031   1032   1033   1034   1039   1041   1048   1050   1051   1052   1054   1057   1060   
1062   1063   1065   1067   1069   1072   1074   1075   1078   1079   1080   1081   1084   1093   1095   1101   1102   1104   1105   1107   1110   1116   1118   1119   1120   
1122   1127   1130   1131   1132   1136   1137   1138   1140   1142   1146   1148   1149   1158   1159   1165   1166   1169   1171   1172   1173   1174   1175   1176   1177   
1179   1180   1181   1185   1189   1191   1198   1200   1202   1207   1208   1210   1215   1221   1222   1223   1225   1229   1232   1237   1239   1240   1249   1251   1252   
1256   1258   1259   1260   1262   1265   1269   1272   1276   1280   1281   1282   1285   1288   1291   1292   1294   1298   1299   1301   1303   1306   1307   1310   1315   
1316   1317   1321   1322   1326   1330   1333   1336   1342   1345   1347   1350   1352   1354   1358   1359   1365   1366   1367   1370   1371   1373   1380   1386   1391   
1392   1393   1394   1397   1404   1405   1407   1408   1409   1413   1417   1418   1421   1422   1423   1429   1430   1432   1433   1435   1439   1442   1444   1445   1448   
1451   1453   1454   1457   1467   1470   1471   1474   1475   1476   1477   1481   1483   1484   1485   1487   1488   1491   1494   1495   1496   1497   1498   1501   1503   
1505   1509   1512   1515   1516   1519   1524   1528   1529   1531   1532   1533   1535   1537   1540   1544   1545   1546   1550   1557   1562   1563   1564   1565   1566   
1570   1572   1573   1576   1581   1582   1587   1590   1593   1596   1597   1598   1599   1601   1607   1609   1610   1613   1619   1621   1622   1634   1640   1642   1643   
1644   1648   1651   1652   1656   1657   1663   1665   1667   1668   1674   1681   1683   1686   1688   1691   1692   1693   1696   1702   1704   1706   1708   1712   1713   
1714   1715   1717   1718   1724   1729   1731   1734   1736   1738   1745   1746   1750   1755   1756   1757   1759   1764   1773   1774   1777   1778   1781   1783   1784   
1785   1787   1790   1791   1792   1793   1797   1800   1804   1805   1807   1809   1813   1814   1815   1816   1817   1823   1826   1830   1831   1833   1836   1841   1849   
1851   1852   1853   1856   1857   1858   1861   1863   1865   1866   1868   1870   1872   1873   1876   1878   1879   1880   1885   1888   1889   1892   1893   1895   1898   
1901   1903   1904   1906   1910   1911   1912   1913   1914   1916   1917   1924   1926   1928   1930   1932   1933   1935   1936   1938   1943   1945   1947   1948   1949   
1950   1953   1954   1956   1957   1958   1959   1960   1964   1965   1966   1967   1968   1969   1972   1976   1981   1983   1985   1988   1990   1992   1998   2001   2002   
2005   2006   2010   2014   2015   2016   2017   2020   2023   2025   2026   2028   2034   2036   2038   2043   2044   2047   2048   2051   2053   2054   2058   2059   2062   
2063   2065   2070   2071   2072   2073   2080   2084   2085   2087   2091   2092   2096   2099   2104   2110   2111   2112   2113   2114   2116   2118   2119   2120   2126   
2130   2131   2133   2134   2135   2137   2139   2140   2141   2144   2145   2146   2148   2149   2150   2151   2153   2156   2158   2159   2160   2162   2163   2164   2169   
2176   2178   2180   2182   2183   2184   2189   2196   2198   2210   2211   2215   2219   2221   2223   2224   2227   2231   2233   2237   2238   2243   2244   2247   2248   
2251   2254   2260   2261   2263   2269   2270   2271   2272   2274   2275   2276   2277   2280   2281   2282   2287   2288   2291   2292   2293   2298   2302   2306   2312   
2313   2314   2315   2317   2320   2321   2323   2333   2334   2342   2348   2349   2352   2353   2356   2358   2359   2360   2361   2362   2363   2365   2367   2371   2373   
2374   2376   2377   2378   2379   2380   2382   2384   2389   2390   2391   2393   2394   2395   2397   2398   2403   2404   2405   2406   2407   2409   2414   2416   2419   
2421   2425   2435   2437   2438   2440   2442   2445   2447   2448   2453   2454   2455   2457   2458   2461   2464   2467   2469   2473   2476   2477   2479   2480   2487   
2492   2494   2496   2497   2498   2499   2502   2504   2505   2507   2508   2509   2510   2512   2513   2516   2519   2521   2523   2526   2528   2529   2532   2533   2534   
2535   2536   2538   2540   2541   2544   2546   2551   2554   2557   2558   2559   2560   2568   2569   2570   2571   2579   2580   2581   2582   2586   2587   2589   2590   
2593   2594   2596   2598   2602   2607   2609   2610   2611   2613   2614   2618   2619   2623   2624   2625   2626   2627   2628   2632   2634   2635   2637   2643   2644   
2648   2651   2652   2653   2655   2656   2657   2661   2664   2667   2671   2672   2674   2678   2682   2683   2686   2688   2689   2690   2691   2692   2693   2694   2696   
2698   2702   2703   2706   2707   2709   2712   2713   2714   2720   2722   2724   2725   2726   2728   2732   2734   2740   2741   2742   2744   2746   2751   2753   2754   
2755   2758   2764   2765   2769   2772   2774   2775   2776   2778   2779   2782   2786   2788   2798   2799   2802   2805   2809   2810   2811   2815   2819   2820   2821   
2824   2825   2826   2827   2830   2832   2842   2843   2844   2845   2847   2848   2849   2850   2852   2858   2859   2861   2863   2864   2865   2869   2871   2876   2877   
2878   2879   2880   2881   2882   2884   2885   2886   2894   2895   2897   2898   2900   2901   2904   2905   2906   2910   2911   2912   2914   2916   2917   2922   2925   
2927   2928   2931   2934   2935   2938   2947   2950   2952   2954   2957   2961   2966   2968   2981   2982   2984   2985   2988   2989   2990   2992   2995   2996   3000   
3001   3002   3003   3006   3008   3009   3011   3012   3013   3014   3016   3017   3018   3021   3022   3025   3026   3030   3031   3033   3035   3036   3042   3043   3044   
3047   3049   3051   3052   3054   3055   3057   3058   3059   3061   3065   3070   3071   3072   3078   3079   3080   3082   3086   3087   3088   3090   3092   3094   3095   
3097   3099   3101   3104   3105   3106   3107   3108   3111   3116   3117   3118   3120   3127   3128   3131   3132   3134   3135   3136   3140   3148   3151   3153   3156   
3160   3161   3163   3169   3175   3178   3184   3186   3188   3191   3192   3193   3194   3197   3199   3201   3202   3205   3206   3208   3209   3210   3211   3213   3215   
3217   3218   3222   3225   3228   3230   3234   3235   3240   3245   3248   3258   3259   3260   3262   3263   3267   3268   3270   3271   3273   3282   3283   3284   3290   
3293   3297   3299   3302   3303   3304   3306   3307   3309   3317   3325   3326   3331   3334   3335   3338   3341   3344   3347   3348   3350   3351   3352   3353   3354   
3355   3357   3362   3363   3364   3367   3373   3376   3378   3382   3386   3387   3388   3390   3395   3396   3397   3399   3400   3403   3405   3408   3410   3411   3413   
3414   3415   3416   3417   3419   3423   3428   3433   3434   3436   3444   3447   3448   3450   3452   3454   3455   3456   3457   3458   3459   3461   3462   3463   3464   
3465   3468   3469   3470   3475   3479   3482   3486   3487   3494   3500   3503   3506   3510   3512   3515   3517   3518   3521   3523   3524   3535   3536   3539   3540   
3541   3542   3545   3552   3553   3554   3557   3559   3560   3565   3568   3572   3573   3576   3577   3580   3587   3590   3591   3593   3595   3596   3597   3601   3604   
3607   3610   3612   3613   3617   3618   3619   3620   3626   3629   3630   3635   3636   3637   3640   3644   3645   3646   3648   3652   3656   3657   3660   3661   3662   
3663   3664   3666   3667   3670   3672   3675   3678   3679   3684   3685   3688   3690   3691   3692   3693   3694   3696   3701   3704   3706   3708   3709   3710   3714   
3715   3716   3718   3725   3726   3728   3730   3732   3733   3735   3736   3737   3745   3747   3750   3755   3756   3757   3758   3760   3763   3765   3772   3773   3776   
3778   3779   3780   3781   3782   3785   3788   3789   3790   3791   3792   3794   3795   3798   3799   3806   3812   3821   3822   3823   3828   3829   3832   3837   3838   
3840   3842   3843   3846   3852   3862   3865   3866   3868   3871   3874   3875   3877   3878   3880   3883   3885   3886   3889   3890   3891   3895   3896   3898   3906   
3908   3909   3911   3912   3913   3917   3918   3925   3927   3932   3933   3934   3936   3938   3940   3941   3942   3947   3950   3952   3953   3955   3967   3972   3976   
3978   3980   3982   3983   3984   3987   3989   3993   3994   3996   3997   3998   3999   4005   4007   4008   4015   4018   4020   4021   4023   4024   4025   4027   4029   
4030   4033   4034   4036   4037   

---------------------------第 8 次迭代----------------------------------

0   3   4   7   19   20   22   24   26   28   29   37   39   43   46   48   49   50   51   54   56   57   59   61   62   
64   65   67   72   73   80   83   85   87   88   91   93   96   97   100   101   105   106   108   111   116   117   118   121   122   
126   130   131   132   134   137   140   141   143   144   145   147   153   155   158   160   165   166   167   169   170   172   173   177   178   
180   182   184   188   189   195   196   203   204   205   208   210   211   215   220   221   223   224   225   228   231   233   234   239   240   
246   249   250   251   252   256   258   260   263   265   266   269   271   276   277   278   282   284   287   290   291   293   294   296   297   
299   301   305   306   307   310   313   314   315   319   321   323   327   331   332   334   339   342   345   346   353   355   358   359   362   
363   364   367   373   374   379   381   382   383   384   389   392   397   398   401   402   405   407   408   409   410   411   415   417   421   
422   423   424   426   427   428   429   430   431   433   435   436   438   441   442   448   449   450   451   452   455   456   457   459   461   
463   464   466   470   472   473   474   475   477   479   482   483   488   491   492   496   497   498   500   506   509   511   515   516   517   
518   519   525   528   529   531   538   541   543   545   549   552   554   558   562   564   567   569   570   573   574   575   581   585   587   
588   590   600   602   605   608   609   611   614   619   620   625   628   630   631   637   639   640   644   645   650   652   653   656   660   
667   672   673   675   679   680   681   683   687   688   689   695   697   698   701   703   704   706   710   715   718   719   722   723   724   
728   730   734   740   741   742   746   748   749   754   757   758   759   761   763   764   765   768   770   771   772   773   774   777   780   
785   788   789   790   795   796   798   800   801   802   804   806   807   810   813   815   816   817   819   821   822   823   825   828   829   
830   833   840   841   844   845   847   848   849   850   851   854   855   856   857   858   860   863   865   867   869   870   872   874   876   
882   886   888   891   893   894   896   897   900   901   903   904   905   910   915   916   920   921   923   924   933   935   937   940   953   
960   963   966   968   969   970   971   972   973   975   978   981   982   986   992   995   1000   1001   1007   1008   1009   1010   1012   1014   1015   
1017   1019   1021   1025   1026   1027   1028   1033   1034   1035   1036   1037   1043   1050   1055   1058   1063   1064   1065   1068   1070   1073   1074   1077   1079   
1080   1081   1083   1085   1087   1088   1090   1091   1093   1094   1095   1096   1098   1101   1103   1105   1107   1108   1109   1110   1111   1112   1117   1123   1130   
1136   1137   1140   1142   1143   1144   1146   1147   1150   1157   1160   1163   1164   1166   1169   1172   1173   1174   1177   1180   1181   1182   1185   1190   1192   
1199   1207   1208   1211   1212   1213   1221   1222   1223   1228   1229   1230   1233   1234   1235   1238   1242   1245   1247   1248   1250   1253   1254   1258   1261   
1263   1264   1265   1273   1275   1276   1277   1279   1282   1283   1284   1285   1286   1287   1288   1290   1291   1293   1296   1298   1300   1303   1304   1306   1307   
1308   1309   1310   1311   1312   1317   1318   1319   1324   1325   1327   1328   1330   1331   1332   1333   1334   1335   1336   1337   1338   1340   1342   1343   1345   
1348   1354   1355   1359   1360   1361   1362   1365   1368   1371   1374   1378   1379   1380   1382   1383   1386   1394   1397   1401   1402   1404   1408   1409   1410   
1412   1414   1415   1417   1421   1422   1425   1427   1428   1429   1430   1431   1435   1437   1438   1439   1441   1443   1444   1445   1446   1447   1448   1450   1453   
1456   1457   1463   1466   1469   1470   1475   1478   1479   1480   1483   1484   1485   1489   1490   1491   1492   1494   1495   1496   1498   1500   1501   1502   1506   
1513   1518   1521   1534   1535   1536   1537   1540   1541   1544   1546   1550   1552   1554   1556   1559   1564   1567   1568   1572   1573   1574   1577   1582   1585   
1587   1590   1591   1594   1600   1602   1607   1611   1613   1617   1618   1621   1623   1624   1625   1629   1631   1634   1635   1636   1640   1645   1649   1650   1652   
1657   1658   1659   1660   1664   1669   1672   1673   1674   1677   1679   1682   1685   1686   1687   1690   1691   1697   1702   1707   1709   1711   1712   1715   1717   
1723   1725   1726   1729   1730   1738   1739   1740   1741   1745   1747   1748   1750   1751   1753   1755   1760   1761   1764   1765   1775   1777   1780   1781   1784   
1788   1789   1790   1792   1793   1797   1805   1809   1810   1811   1812   1815   1818   1819   1820   1822   1823   1824   1834   1835   1839   1840   1842   1843   1848   
1851   1852   1854   1856   1857   1863   1870   1871   1872   1873   1874   1885   1886   1887   1889   1890   1891   1892   1894   1897   1898   1900   1901   1902   1903   
1906   1907   1908   1911   1912   1913   1915   1916   1919   1924   1932   1933   1940   1941   1943   1944   1945   1946   1948   1952   1956   1957   1958   1961   1962   
1966   1970   1975   1976   1981   1985   1988   1992   1996   2002   2007   2010   2012   2013   2016   2022   2023   2024   2027   2032   2040   2041   2044   2045   2046   
2047   2050   2053   2058   2061   2062   2066   2069   2070   2073   2074   2075   2079   2082   2085   2086   2087   2090   2091   2092   2093   2094   2097   2098   2103   
2110   2111   2114   2116   2118   2119   2120   2122   2127   2129   2132   2133   2135   2138   2139   2143   2146   2147   2151   2152   2153   2155   2161   2162   2163   
2165   2167   2168   2169   2171   2176   2178   2179   2180   2181   2184   2186   2187   2188   2191   2192   2194   2198   2199   2204   2206   2209   2217   2218   2222   
2225   2226   2229   2231   2232   2237   2238   2240   2242   2254   2264   2266   2271   2278   2279   2280   2287   2291   2294   2296   2297   2298   2299   2300   2303   
2305   2308   2309   2314   2316   2317   2322   2323   2324   2325   2327   2330   2332   2334   2337   2338   2339   2340   2341   2346   2349   2350   2352   2355   2358   
2359   2360   2363   2364   2367   2369   2370   2371   2372   2374   2376   2380   2381   2384   2386   2388   2390   2391   2392   2395   2397   2398   2401   2402   2410   
2412   2415   2416   2419   2421   2422   2424   2430   2431   2434   2438   2440   2441   2442   2443   2446   2447   2448   2449   2450   2451   2452   2455   2457   2462   
2464   2466   2470   2471   2473   2474   2475   2476   2477   2479   2480   2481   2482   2483   2484   2485   2486   2487   2488   2489   2492   2493   2494   2503   2504   
2505   2506   2508   2509   2510   2511   2514   2518   2520   2523   2525   2526   2529   2531   2532   2533   2535   2537   2538   2539   2542   2544   2546   2548   2552   
2556   2557   2558   2561   2564   2565   2566   2567   2569   2570   2573   2574   2576   2579   2581   2584   2587   2588   2590   2591   2592   2595   2598   2601   2604   
2607   2608   2610   2612   2619   2621   2624   2632   2633   2634   2635   2636   2638   2642   2643   2644   2645   2653   2658   2664   2665   2666   2668   2673   2674   
2675   2680   2683   2686   2693   2696   2698   2699   2700   2701   2709   2713   2714   2715   2716   2718   2719   2724   2731   2733   2737   2741   2742   2744   2745   
2746   2747   2748   2755   2756   2757   2758   2760   2763   2766   2767   2768   2771   2774   2778   2782   2783   2784   2785   2787   2789   2791   2793   2794   2798   
2799   2804   2806   2808   2815   2816   2817   2819   2820   2822   2823   2824   2825   2829   2831   2832   2833   2840   2843   2844   2845   2847   2854   2855   2861   
2866   2870   2873   2875   2879   2880   2882   2885   2888   2891   2893   2897   2900   2903   2904   2906   2908   2912   2916   2919   2920   2921   2922   2923   2924   
2925   2928   2930   2931   2934   2936   2943   2944   2946   2950   2952   2959   2961   2962   2964   2967   2973   2974   2976   2980   2982   2988   2989   2990   2991   
2992   2994   2996   2998   3000   3001   3002   3003   3006   3007   3008   3009   3010   3012   3013   3014   3015   3016   3018   3021   3022   3026   3027   3029   3030   
3037   3040   3043   3044   3046   3047   3051   3059   3060   3061   3063   3068   3071   3074   3075   3076   3081   3083   3084   3086   3087   3088   3094   3097   3100   
3104   3108   3109   3110   3115   3118   3121   3122   3124   3126   3133   3135   3137   3138   3141   3144   3148   3152   3154   3156   3157   3159   3160   3164   3167   
3169   3170   3171   3173   3175   3176   3177   3178   3187   3189   3190   3192   3196   3202   3203   3204   3213   3217   3222   3228   3231   3234   3235   3238   3243   
3248   3250   3251   3252   3253   3256   3261   3262   3265   3269   3270   3272   3274   3275   3277   3278   3279   3282   3284   3286   3287   3288   3290   3291   3292   
3295   3298   3299   3301   3302   3305   3307   3309   3310   3312   3315   3319   3320   3322   3325   3326   3328   3329   3335   3338   3344   3346   3349   3351   3353   
3354   3357   3361   3363   3364   3365   3367   3376   3380   3381   3385   3386   3388   3389   3390   3391   3393   3397   3399   3401   3402   3405   3407   3408   3409   
3417   3419   3422   3424   3426   3427   3428   3430   3431   3432   3434   3435   3437   3439   3441   3446   3447   3448   3449   3450   3451   3452   3457   3460   3461   
3462   3463   3465   3469   3473   3474   3475   3481   3482   3483   3485   3486   3488   3489   3491   3492   3493   3495   3498   3500   3503   3504   3507   3508   3509   
3512   3514   3516   3520   3521   3523   3529   3530   3532   3535   3536   3537   3540   3541   3542   3544   3546   3549   3552   3553   3556   3557   3562   3564   3565   
3567   3569   3572   3573   3582   3583   3584   3587   3589   3595   3603   3604   3605   3606   3607   3611   3612   3613   3617   3618   3619   3621   3622   3625   3626   
3630   3631   3635   3637   3639   3647   3650   3651   3653   3661   3662   3664   3668   3670   3672   3677   3678   3680   3681   3685   3687   3688   3689   3698   3700   
3701   3702   3705   3709   3710   3711   3714   3721   3732   3733   3734   3739   3741   3752   3754   3756   3757   3758   3759   3760   3762   3766   3767   3768   3770   
3771   3773   3776   3777   3779   3780   3782   3784   3785   3788   3790   3791   3793   3795   3796   3799   3804   3805   3806   3807   3808   3810   3811   3813   3814   
3815   3821   3822   3826   3829   3831   3834   3835   3837   3839   3840   3843   3844   3848   3853   3855   3856   3857   3859   3861   3864   3868   3870   3872   3876   
3881   3883   3884   3885   3886   3887   3890   3892   3893   3896   3897   3898   3899   3900   3903   3906   3908   3914   3915   3916   3917   3918   3921   3923   3924   
3926   3932   3936   3937   3938   3946   3947   3948   3955   3958   3960   3961   3970   3972   3973   3975   3979   3980   3985   3987   3989   3994   3997   3998   4002   
4003   4004   4005   4009   4010   4015   4017   4022   4024   4025   4027   4028   4033   4035   4036   4037   

---------------------------第 9 次迭代----------------------------------

3   5   19   22   24   25   26   27   34   37   44   46   47   49   50   51   54   64   65   71   82   84   85   91   93   
96   98   101   106   108   114   120   121   122   123   124   125   127   128   133   134   139   141   144   145   147   148   152   156   159   
161   162   164   170   179   180   181   186   187   188   193   196   197   201   207   209   212   216   218   222   229   233   237   247   251   
254   255   258   259   262   264   265   284   292   297   298   303   306   316   317   318   319   320   322   328   332   333   344   347   351   
356   359   360   362   372   373   375   376   379   383   384   385   389   390   391   392   395   397   398   400   402   403   404   412   421   
428   435   446   450   452   454   455   467   472   473   474   475   476   478   480   484   497   498   506   509   513   523   525   526   528   
530   534   535   544   545   547   553   554   556   564   565   567   571   573   575   578   579   581   584   587   588   589   593   596   599   
602   611   612   620   621   623   629   631   632   635   638   642   650   655   656   657   663   665   669   674   675   683   684   691   692   
698   700   708   712   713   722   724   726   732   735   737   738   745   749   752   757   759   767   768   772   774   785   786   788   792   
794   796   803   806   807   816   821   825   834   836   839   840   846   850   851   853   854   855   858   859   862   864   869   872   880   
881   882   883   891   893   896   905   906   909   910   913   914   920   921   923   925   931   933   936   937   938   939   942   945   946   
950   951   960   962   964   965   971   974   976   981   988   990   993   998   1001   1004   1014   1015   1017   1020   1022   1023   1026   1032   1036   
1038   1040   1043   1047   1049   1053   1056   1058   1060   1061   1066   1073   1074   1076   1079   1080   1081   1085   1089   1094   1096   1098   1105   1106   1107   
1113   1117   1121   1131   1135   1137   1139   1140   1142   1144   1146   1149   1151   1152   1154   1159   1168   1172   1173   1174   1181   1182   1183   1187   1189   
1193   1194   1199   1200   1202   1210   1212   1216   1219   1220   1227   1231   1234   1237   1243   1244   1250   1252   1253   1254   1263   1266   1267   1269   1277   
1279   1281   1284   1286   1288   1289   1303   1312   1313   1316   1317   1320   1325   1327   1332   1342   1345   1355   1357   1358   1361   1367   1370   1376   1377   
1379   1381   1383   1385   1386   1392   1393   1396   1399   1403   1411   1414   1415   1416   1421   1424   1427   1428   1435   1436   1439   1443   1444   1446   1447   
1448   1454   1456   1457   1458   1459   1460   1462   1464   1469   1471   1476   1480   1486   1487   1488   1489   1491   1494   1497   1498   1499   1500   1501   1505   
1508   1509   1511   1513   1515   1517   1531   1532   1537   1540   1542   1547   1552   1553   1555   1556   1563   1571   1573   1574   1579   1585   1586   1588   1593   
1595   1596   1600   1602   1603   1608   1612   1616   1617   1618   1621   1625   1632   1636   1638   1640   1650   1651   1652   1654   1657   1658   1659   1660   1661   
1663   1664   1667   1673   1674   1676   1677   1679   1682   1685   1689   1690   1694   1696   1704   1712   1717   1723   1725   1726   1729   1730   1742   1751   1752   
1754   1756   1757   1758   1762   1765   1770   1774   1775   1778   1786   1791   1801   1804   1805   1810   1814   1816   1820   1827   1833   1834   1838   1844   1847   
1849   1851   1852   1857   1858   1863   1867   1868   1875   1876   1880   1881   1888   1893   1914   1915   1922   1924   1930   1933   1937   1938   1939   1958   1959   
1964   1965   1974   1984   1985   1987   1994   1998   2000   2003   2006   2010   2016   2017   2019   2025   2026   2034   2038   2040   2044   2047   2052   2053   2059   
2060   2062   2063   2066   2067   2070   2072   2075   2077   2087   2093   2096   2098   2100   2104   2108   2111   2113   2114   2115   2116   2117   2121   2123   2126   
2130   2135   2138   2143   2150   2154   2164   2165   2169   2170   2171   2173   2174   2175   2179   2180   2189   2190   2194   2196   2198   2202   2208   2209   2210   
2211   2214   2215   2218   2222   2225   2230   2231   2236   2238   2242   2247   2252   2254   2256   2257   2260   2264   2266   2270   2277   2278   2279   2283   2286   
2288   2290   2291   2295   2296   2305   2310   2313   2315   2318   2320   2331   2336   2339   2340   2343   2345   2346   2348   2351   2360   2368   2369   2372   2379   
2387   2390   2399   2400   2404   2405   2408   2412   2413   2415   2417   2419   2421   2422   2425   2433   2436   2437   2442   2445   2446   2448   2449   2453   2460   
2463   2466   2470   2473   2475   2480   2489   2490   2495   2499   2501   2505   2506   2509   2510   2511   2514   2516   2519   2528   2529   2530   2532   2534   2538   
2544   2546   2547   2551   2555   2557   2558   2562   2580   2581   2583   2586   2587   2589   2590   2593   2600   2603   2606   2608   2610   2614   2617   2621   2633   
2643   2646   2649   2651   2654   2658   2669   2676   2678   2681   2684   2685   2688   2692   2694   2697   2699   2701   2708   2709   2710   2716   2727   2728   2729   
2734   2737   2746   2752   2755   2756   2757   2759   2761   2767   2768   2772   2773   2774   2775   2785   2788   2789   2795   2802   2804   2805   2807   2815   2816   
2817   2818   2820   2823   2825   2827   2829   2831   2834   2836   2843   2849   2854   2856   2861   2862   2863   2866   2870   2875   2878   2883   2888   2889   2890   
2893   2894   2897   2902   2912   2914   2925   2927   2934   2935   2937   2938   2941   2949   2951   2960   2961   2963   2971   2974   2977   2982   2983   2985   2992   
2996   2997   2999   3000   3005   3007   3015   3016   3022   3023   3025   3029   3031   3033   3037   3041   3043   3046   3049   3052   3058   3059   3060   3065   3068   
3070   3074   3081   3084   3087   3099   3101   3107   3110   3113   3114   3116   3119   3121   3122   3123   3124   3125   3126   3130   3132   3133   3135   3136   3137   
3139   3140   3143   3145   3147   3151   3156   3160   3162   3164   3166   3168   3169   3173   3178   3181   3188   3192   3193   3196   3199   3200   3202   3203   3210   
3211   3217   3218   3220   3221   3222   3223   3227   3232   3235   3236   3248   3251   3256   3273   3280   3281   3282   3283   3286   3295   3296   3301   3304   3306   
3314   3315   3320   3322   3325   3331   3333   3337   3340   3346   3350   3351   3352   3353   3354   3360   3365   3366   3374   3378   3382   3385   3388   3390   3391   
3392   3399   3404   3415   3416   3418   3420   3424   3427   3428   3429   3432   3441   3443   3450   3451   3452   3458   3459   3463   3473   3477   3478   3486   3488   
3491   3492   3493   3494   3495   3496   3497   3500   3501   3502   3515   3521   3527   3530   3532   3536   3540   3545   3549   3555   3556   3557   3561   3566   3571   
3580   3583   3584   3589   3590   3591   3598   3602   3604   3605   3607   3610   3613   3614   3630   3636   3639   3640   3643   3647   3653   3659   3660   3661   3662   
3670   3675   3681   3689   3694   3696   3698   3701   3703   3708   3711   3712   3713   3720   3721   3722   3725   3739   3741   3744   3745   3748   3750   3758   3759   
3760   3761   3764   3774   3775   3777   3781   3784   3789   3791   3798   3799   3801   3803   3804   3805   3810   3815   3816   3817   3823   3825   3829   3830   3832   
3835   3837   3840   3841   3843   3847   3851   3856   3857   3858   3863   3864   3865   3866   3877   3880   3894   3895   3904   3905   3916   3919   3924   3925   3928   
3932   3940   3942   3948   3954   3957   3962   3963   3965   3966   3968   3973   3974   3980   3986   3988   3989   3992   3993   4002   4005   4008   4010   4012   4014   
4029   4030   4034   4035   4036   

---------------------------第 10 次迭代----------------------------------

0   1   2   3   4   5   6   7   8   9   10   11   12   13   14   15   16   17   18   19   20   21   22   23   24   
25   26   27   28   29   30   31   32   33   34   35   36   37   38   39   40   41   42   43   44   45   46   47   48   49   
50   51   52   53   54   55   56   57   58   59   60   61   62   63   64   65   66   67   68   69   70   71   72   73   74   
75   76   77   78   79   80   81   82   83   84   85   86   87   88   89   90   91   92   93   94   95   96   97   98   99   
100   101   102   103   104   105   106   107   108   109   110   111   112   113   114   115   116   117   118   119   120   121   122   123   124   
125   126   127   128   129   130   131   132   133   134   135   136   137   138   139   140   141   142   143   144   145   146   147   148   149   
150   151   152   153   154   155   156   157   158   159   160   161   162   163   164   165   166   167   168   169   170   171   172   173   174   
175   176   177   178   179   180   181   182   183   184   185   186   187   188   189   190   191   192   193   194   195   196   197   198   199   
200   201   202   203   204   205   206   207   208   209   210   211   212   213   214   215   216   217   218   219   220   221   222   223   224   
225   226   227   228   229   230   231   232   233   234   235   236   237   238   239   240   241   242   243   244   245   246   247   248   249   
250   251   252   253   254   255   256   257   258   259   260   261   262   263   264   265   266   267   268   269   270   271   272   273   274   
275   276   277   278   279   280   281   282   283   284   285   286   287   288   289   290   291   292   293   294   295   296   297   298   299   
300   301   302   303   304   305   306   307   308   309   310   311   312   313   314   315   316   317   318   319   320   321   322   323   324   
325   326   327   328   329   330   331   332   333   334   335   336   337   338   339   340   341   342   343   344   345   346   347   348   349   
350   351   352   353   354   355   356   357   358   359   360   361   362   363   364   365   366   367   368   369   370   371   372   373   374   
375   376   377   378   379   380   381   382   383   384   385   386   387   388   389   390   391   392   393   394   395   396   397   398   399   
400   401   402   403   404   405   406   407   408   409   410   411   412   413   414   415   416   417   418   419   420   421   422   423   424   
425   426   427   428   429   430   431   432   433   434   435   436   437   438   439   440   441   442   443   444   445   446   447   448   449   
450   451   452   453   454   455   456   457   458   459   460   461   462   463   464   465   466   467   468   469   470   471   472   473   474   
475   476   477   478   479   480   481   482   483   484   485   486   487   488   489   490   491   492   493   494   495   496   497   498   499   
500   501   502   503   504   505   506   507   508   509   510   511   512   513   514   515   516   517   518   519   520   521   522   523   524   
525   526   527   528   529   530   531   532   533   534   535   536   537   538   539   540   541   542   543   544   545   546   547   548   549   
550   551   552   553   554   555   556   557   558   559   560   561   562   563   564   565   566   567   568   569   570   571   572   573   574   
575   576   577   578   579   580   581   582   583   584   585   586   587   588   589   590   591   592   593   594   595   596   597   598   599   
600   601   602   603   604   605   606   607   608   609   610   611   612   613   614   615   616   617   618   619   620   621   622   623   624   
625   626   627   628   629   630   631   632   633   634   635   636   637   638   639   640   641   642   643   644   645   646   647   648   649   
650   651   652   653   654   655   656   657   658   659   660   661   662   663   664   665   666   667   668   669   670   671   672   673   674   
675   676   677   678   679   680   681   682   683   684   685   686   687   688   689   690   691   692   693   694   695   696   697   698   699   
700   701   702   703   704   705   706   707   708   709   710   711   712   713   714   715   716   717   718   719   720   721   722   723   724   
725   726   727   728   729   730   731   732   733   734   735   736   737   738   739   740   741   742   743   744   745   746   747   748   749   
750   751   752   753   754   755   756   757   758   759   760   761   762   763   764   765   766   767   768   769   770   771   772   773   774   
775   776   777   778   779   780   781   782   783   784   785   786   787   788   789   790   791   792   793   794   795   796   797   798   799   
800   801   802   803   804   805   806   807   808   809   810   811   812   813   814   815   816   817   818   819   820   821   822   823   824   
825   826   827   828   829   830   831   832   833   834   835   836   837   838   839   840   841   842   843   844   845   846   847   848   849   
850   851   852   853   854   855   856   857   858   859   860   861   862   863   864   865   866   867   868   869   870   871   872   873   874   
875   876   877   878   879   880   881   882   883   884   885   886   887   888   889   890   891   892   893   894   895   896   897   898   899   
900   901   902   903   904   905   906   907   908   909   910   911   912   913   914   915   916   917   918   919   920   921   922   923   924   
925   926   927   928   929   930   931   932   933   934   935   936   937   938   939   940   941   942   943   944   945   946   947   948   949   
950   951   952   953   954   955   956   957   958   959   960   961   962   963   964   965   966   967   968   969   970   971   972   973   974   
975   976   977   978   979   980   981   982   983   984   985   986   987   988   989   990   991   992   993   994   995   996   997   998   999   
1000   1001   1002   1003   1004   1005   1006   1007   1008   1009   1010   1011   1012   1013   1014   1015   1016   1017   1018   1019   1020   1021   1022   1023   1024   
1025   1026   1027   1028   1029   1030   1031   1032   1033   1034   1035   1036   1037   1038   1039   1040   1041   1042   1043   1044   1045   1046   1047   1048   1049   
1050   1051   1052   1053   1054   1055   1056   1057   1058   1059   1060   1061   1062   1063   1064   1065   1066   1067   1068   1069   1070   1071   1072   1073   1074   
1075   1076   1077   1078   1079   1080   1081   1082   1083   1084   1085   1086   1087   1088   1089   1090   1091   1092   1093   1094   1095   1096   1097   1098   1099   
1100   1101   1102   1103   1104   1105   1106   1107   1108   1109   1110   1111   1112   1113   1114   1115   1116   1117   1118   1119   1120   1121   1122   1123   1124   
1125   1126   1127   1128   1129   1130   1131   1132   1133   1134   1135   1136   1137   1138   1139   1140   1141   1142   1143   1144   1145   1146   1147   1148   1149   
1150   1151   1152   1153   1154   1155   1156   1157   1158   1159   1160   1161   1162   1163   1164   1165   1166   1167   1168   1169   1170   1171   1172   1173   1174   
1175   1176   1177   1178   1179   1180   1181   1182   1183   1184   1185   1186   1187   1188   1189   1190   1191   1192   1193   1194   1195   1196   1197   1198   1199   
1200   1201   1202   1203   1204   1205   1206   1207   1208   1209   1210   1211   1212   1213   1214   1215   1216   1217   1218   1219   1220   1221   1222   1223   1224   
1225   1226   1227   1228   1229   1230   1231   1232   1233   1234   1235   1236   1237   1238   1239   1240   1241   1242   1243   1244   1245   1246   1247   1248   1249   
1250   1251   1252   1253   1254   1255   1256   1257   1258   1259   1260   1261   1262   1263   1264   1265   1266   1267   1268   1269   1270   1271   1272   1273   1274   
1275   1276   1277   1278   1279   1280   1281   1282   1283   1284   1285   1286   1287   1288   1289   1290   1291   1292   1293   1294   1295   1296   1297   1298   1299   
1300   1301   1302   1303   1304   1305   1306   1307   1308   1309   1310   1311   1312   1313   1314   1315   1316   1317   1318   1319   1320   1321   1322   1323   1324   
1325   1326   1327   1328   1329   1330   1331   1332   1333   1334   1335   1336   1337   1338   1339   1340   1341   1342   1343   1344   1345   1346   1347   1348   1349   
1350   1351   1352   1353   1354   1355   1356   1357   1358   1359   1360   1361   1362   1363   1364   1365   1366   1367   1368   1369   1370   1371   1372   1373   1374   
1375   1376   1377   1378   1379   1380   1381   1382   1383   1384   1385   1386   1387   1388   1389   1390   1391   1392   1393   1394   1395   1396   1397   1398   1399   
1400   1401   1402   1403   1404   1405   1406   1407   1408   1409   1410   1411   1412   1413   1414   1415   1416   1417   1418   1419   1420   1421   1422   1423   1424   
1425   1426   1427   1428   1429   1430   1431   1432   1433   1434   1435   1436   1437   1438   1439   1440   1441   1442   1443   1444   1445   1446   1447   1448   1449   
1450   1451   1452   1453   1454   1455   1456   1457   1458   1459   1460   1461   1462   1463   1464   1465   1466   1467   1468   1469   1470   1471   1472   1473   1474   
1475   1476   1477   1478   1479   1480   1481   1482   1483   1484   1485   1486   1487   1488   1489   1490   1491   1492   1493   1494   1495   1496   1497   1498   1499   
1500   1501   1502   1503   1504   1505   1506   1507   1508   1509   1510   1511   1512   1513   1514   1515   1516   1517   1518   1519   1520   1521   1522   1523   1524   
1525   1526   1527   1528   1529   1530   1531   1532   1533   1534   1535   1536   1537   1538   1539   1540   1541   1542   1543   1544   1545   1546   1547   1548   1549   
1550   1551   1552   1553   1554   1555   1556   1557   1558   1559   1560   1561   1562   1563   1564   1565   1566   1567   1568   1569   1570   1571   1572   1573   1574   
1575   1576   1577   1578   1579   1580   1581   1582   1583   1584   1585   1586   1587   1588   1589   1590   1591   1592   1593   1594   1595   1596   1597   1598   1599   
1600   1601   1602   1603   1604   1605   1606   1607   1608   1609   1610   1611   1612   1613   1614   1615   1616   1617   1618   1619   1620   1621   1622   1623   1624   
1625   1626   1627   1628   1629   1630   1631   1632   1633   1634   1635   1636   1637   1638   1639   1640   1641   1642   1643   1644   1645   1646   1647   1648   1649   
1650   1651   1652   1653   1654   1655   1656   1657   1658   1659   1660   1661   1662   1663   1664   1665   1666   1667   1668   1669   1670   1671   1672   1673   1674   
1675   1676   1677   1678   1679   1680   1681   1682   1683   1684   1685   1686   1687   1688   1689   1690   1691   1692   1693   1694   1695   1696   1697   1698   1699   
1700   1701   1702   1703   1704   1705   1706   1707   1708   1709   1710   1711   1712   1713   1714   1715   1716   1717   1718   1719   1720   1721   1722   1723   1724   
1725   1726   1727   1728   1729   1730   1731   1732   1733   1734   1735   1736   1737   1738   1739   1740   1741   1742   1743   1744   1745   1746   1747   1748   1749   
1750   1751   1752   1753   1754   1755   1756   1757   1758   1759   1760   1761   1762   1763   1764   1765   1766   1767   1768   1769   1770   1771   1772   1773   1774   
1775   1776   1777   1778   1779   1780   1781   1782   1783   1784   1785   1786   1787   1788   1789   1790   1791   1792   1793   1794   1795   1796   1797   1798   1799   
1800   1801   1802   1803   1804   1805   1806   1807   1808   1809   1810   1811   1812   1813   1814   1815   1816   1817   1818   1819   1820   1821   1822   1823   1824   
1825   1826   1827   1828   1829   1830   1831   1832   1833   1834   1835   1836   1837   1838   1839   1840   1841   1842   1843   1844   1845   1846   1847   1848   1849   
1850   1851   1852   1853   1854   1855   1856   1857   1858   1859   1860   1861   1862   1863   1864   1865   1866   1867   1868   1869   1870   1871   1872   1873   1874   
1875   1876   1877   1878   1879   1880   1881   1882   1883   1884   1885   1886   1887   1888   1889   1890   1891   1892   1893   1894   1895   1896   1897   1898   1899   
1900   1901   1902   1903   1904   1905   1906   1907   1908   1909   1910   1911   1912   1913   1914   1915   1916   1917   1918   1919   1920   1921   1922   1923   1924   
1925   1926   1927   1928   1929   1930   1931   1932   1933   1934   1935   1936   1937   1938   1939   1940   1941   1942   1943   1944   1945   1946   1947   1948   1949   
1950   1951   1952   1953   1954   1955   1956   1957   1958   1959   1960   1961   1962   1963   1964   1965   1966   1967   1968   1969   1970   1971   1972   1973   1974   
1975   1976   1977   1978   1979   1980   1981   1982   1983   1984   1985   1986   1987   1988   1989   1990   1991   1992   1993   1994   1995   1996   1997   1998   1999   
2000   2001   2002   2003   2004   2005   2006   2007   2008   2009   2010   2011   2012   2013   2014   2015   2016   2017   2018   2019   2020   2021   2022   2023   2024   
2025   2026   2027   2028   2029   2030   2031   2032   2033   2034   2035   2036   2037   2038   2039   2040   2041   2042   2043   2044   2045   2046   2047   2048   2049   
2050   2051   2052   2053   2054   2055   2056   2057   2058   2059   2060   2061   2062   2063   2064   2065   2066   2067   2068   2069   2070   2071   2072   2073   2074   
2075   2076   2077   2078   2079   2080   2081   2082   2083   2084   2085   2086   2087   2088   2089   2090   2091   2092   2093   2094   2095   2096   2097   2098   2099   
2100   2101   2102   2103   2104   2105   2106   2107   2108   2109   2110   2111   2112   2113   2114   2115   2116   2117   2118   2119   2120   2121   2122   2123   2124   
2125   2126   2127   2128   2129   2130   2131   2132   2133   2134   2135   2136   2137   2138   2139   2140   2141   2142   2143   2144   2145   2146   2147   2148   2149   
2150   2151   2152   2153   2154   2155   2156   2157   2158   2159   2160   2161   2162   2163   2164   2165   2166   2167   2168   2169   2170   2171   2172   2173   2174   
2175   2176   2177   2178   2179   2180   2181   2182   2183   2184   2185   2186   2187   2188   2189   2190   2191   2192   2193   2194   2195   2196   2197   2198   2199   
2200   2201   2202   2203   2204   2205   2206   2207   2208   2209   2210   2211   2212   2213   2214   2215   2216   2217   2218   2219   2220   2221   2222   2223   2224   
2225   2226   2227   2228   2229   2230   2231   2232   2233   2234   2235   2236   2237   2238   2239   2240   2241   2242   2243   2244   2245   2246   2247   2248   2249   
2250   2251   2252   2253   2254   2255   2256   2257   2258   2259   2260   2261   2262   2263   2264   2265   2266   2267   2268   2269   2270   2271   2272   2273   2274   
2275   2276   2277   2278   2279   2280   2281   2282   2283   2284   2285   2286   2287   2288   2289   2290   2291   2292   2293   2294   2295   2296   2297   2298   2299   
2300   2301   2302   2303   2304   2305   2306   2307   2308   2309   2310   2311   2312   2313   2314   2315   2316   2317   2318   2319   2320   2321   2322   2323   2324   
2325   2326   2327   2328   2329   2330   2331   2332   2333   2334   2335   2336   2337   2338   2339   2340   2341   2342   2343   2344   2345   2346   2347   2348   2349   
2350   2351   2352   2353   2354   2355   2356   2357   2358   2359   2360   2361   2362   2363   2364   2365   2366   2367   2368   2369   2370   2371   2372   2373   2374   
2375   2376   2377   2378   2379   2380   2381   2382   2383   2384   2385   2386   2387   2388   2389   2390   2391   2392   2393   2394   2395   2396   2397   2398   2399   
2400   2401   2402   2403   2404   2405   2406   2407   2408   2409   2410   2411   2412   2413   2414   2415   2416   2417   2418   2419   2420   2421   2422   2423   2424   
2425   2426   2427   2428   2429   2430   2431   2432   2433   2434   2435   2436   2437   2438   2439   2440   2441   2442   2443   2444   2445   2446   2447   2448   2449   
2450   2451   2452   2453   2454   2455   2456   2457   2458   2459   2460   2461   2462   2463   2464   2465   2466   2467   2468   2469   2470   2471   2472   2473   2474   
2475   2476   2477   2478   2479   2480   2481   2482   2483   2484   2485   2486   2487   2488   2489   2490   2491   2492   2493   2494   2495   2496   2497   2498   2499   
2500   2501   2502   2503   2504   2505   2506   2507   2508   2509   2510   2511   2512   2513   2514   2515   2516   2517   2518   2519   2520   2521   2522   2523   2524   
2525   2526   2527   2528   2529   2530   2531   2532   2533   2534   2535   2536   2537   2538   2539   2540   2541   2542   2543   2544   2545   2546   2547   2548   2549   
2550   2551   2552   2553   2554   2555   2556   2557   2558   2559   2560   2561   2562   2563   2564   2565   2566   2567   2568   2569   2570   2571   2572   2573   2574   
2575   2576   2577   2578   2579   2580   2581   2582   2583   2584   2585   2586   2587   2588   2589   2590   2591   2592   2593   2594   2595   2596   2597   2598   2599   
2600   2601   2602   2603   2604   2605   2606   2607   2608   2609   2610   2611   2612   2613   2614   2615   2616   2617   2618   2619   2620   2621   2622   2623   2624   
2625   2626   2627   2628   2629   2630   2631   2632   2633   2634   2635   2636   2637   2638   2639   2640   2641   2642   2643   2644   2645   2646   2647   2648   2649   
2650   2651   2652   2653   2654   2655   2656   2657   2658   2659   2660   2661   2662   2663   2664   2665   2666   2667   2668   2669   2670   2671   2672   2673   2674   
2675   2676   2677   2678   2679   2680   2681   2682   2683   2684   2685   2686   2687   2688   2689   2690   2691   2692   2693   2694   2695   2696   2697   2698   2699   
2700   2701   2702   2703   2704   2705   2706   2707   2708   2709   2710   2711   2712   2713   2714   2715   2716   2717   2718   2719   2720   2721   2722   2723   2724   
2725   2726   2727   2728   2729   2730   2731   2732   2733   2734   2735   2736   2737   2738   2739   2740   2741   2742   2743   2744   2745   2746   2747   2748   2749   
2750   2751   2752   2753   2754   2755   2756   2757   2758   2759   2760   2761   2762   2763   2764   2765   2766   2767   2768   2769   2770   2771   2772   2773   2774   
2775   2776   2777   2778   2779   2780   2781   2782   2783   2784   2785   2786   2787   2788   2789   2790   2791   2792   2793   2794   2795   2796   2797   2798   2799   
2800   2801   2802   2803   2804   2805   2806   2807   2808   2809   2810   2811   2812   2813   2814   2815   2816   2817   2818   2819   2820   2821   2822   2823   2824   
2825   2826   2827   2828   2829   2830   2831   2832   2833   2834   2835   2836   2837   2838   2839   2840   2841   2842   2843   2844   2845   2846   2847   2848   2849   
2850   2851   2852   2853   2854   2855   2856   2857   2858   2859   2860   2861   2862   2863   2864   2865   2866   2867   2868   2869   2870   2871   2872   2873   2874   
2875   2876   2877   2878   2879   2880   2881   2882   2883   2884   2885   2886   2887   2888   2889   2890   2891   2892   2893   2894   2895   2896   2897   2898   2899   
2900   2901   2902   2903   2904   2905   2906   2907   2908   2909   2910   2911   2912   2913   2914   2915   2916   2917   2918   2919   2920   2921   2922   2923   2924   
2925   2926   2927   2928   2929   2930   2931   2932   2933   2934   2935   2936   2937   2938   2939   2940   2941   2942   2943   2944   2945   2946   2947   2948   2949   
2950   2951   2952   2953   2954   2955   2956   2957   2958   2959   2960   2961   2962   2963   2964   2965   2966   2967   2968   2969   2970   2971   2972   2973   2974   
2975   2976   2977   2978   2979   2980   2981   2982   2983   2984   2985   2986   2987   2988   2989   2990   2991   2992   2993   2994   2995   2996   2997   2998   2999   
3000   3001   3002   3003   3004   3005   3006   3007   3008   3009   3010   3011   3012   3013   3014   3015   3016   3017   3018   3019   3020   3021   3022   3023   3024   
3025   3026   3027   3028   3029   3030   3031   3032   3033   3034   3035   3036   3037   3038   3039   3040   3041   3042   3043   3044   3045   3046   3047   3048   3049   
3050   3051   3052   3053   3054   3055   3056   3057   3058   3059   3060   3061   3062   3063   3064   3065   3066   3067   3068   3069   3070   3071   3072   3073   3074   
3075   3076   3077   3078   3079   3080   3081   3082   3083   3084   3085   3086   3087   3088   3089   3090   3091   3092   3093   3094   3095   3096   3097   3098   3099   
3100   3101   3102   3103   3104   3105   3106   3107   3108   3109   3110   3111   3112   3113   3114   3115   3116   3117   3118   3119   3120   3121   3122   3123   3124   
3125   3126   3127   3128   3129   3130   3131   3132   3133   3134   3135   3136   3137   3138   3139   3140   3141   3142   3143   3144   3145   3146   3147   3148   3149   
3150   3151   3152   3153   3154   3155   3156   3157   3158   3159   3160   3161   3162   3163   3164   3165   3166   3167   3168   3169   3170   3171   3172   3173   3174   
3175   3176   3177   3178   3179   3180   3181   3182   3183   3184   3185   3186   3187   3188   3189   3190   3191   3192   3193   3194   3195   3196   3197   3198   3199   
3200   3201   3202   3203   3204   3205   3206   3207   3208   3209   3210   3211   3212   3213   3214   3215   3216   3217   3218   3219   3220   3221   3222   3223   3224   
3225   3226   3227   3228   3229   3230   3231   3232   3233   3234   3235   3236   3237   3238   3239   3240   3241   3242   3243   3244   3245   3246   3247   3248   3249   
3250   3251   3252   3253   3254   3255   3256   3257   3258   3259   3260   3261   3262   3263   3264   3265   3266   3267   3268   3269   3270   3271   3272   3273   3274   
3275   3276   3277   3278   3279   3280   3281   3282   3283   3284   3285   3286   3287   3288   3289   3290   3291   3292   3293   3294   3295   3296   3297   3298   3299   
3300   3301   3302   3303   3304   3305   3306   3307   3308   3309   3310   3311   3312   3313   3314   3315   3316   3317   3318   3319   3320   3321   3322   3323   3324   
3325   3326   3327   3328   3329   3330   3331   3332   3333   3334   3335   3336   3337   3338   3339   3340   3341   3342   3343   3344   3345   3346   3347   3348   3349   
3350   3351   3352   3353   3354   3355   3356   3357   3358   3359   3360   3361   3362   3363   3364   3365   3366   3367   3368   3369   3370   3371   3372   3373   3374   
3375   3376   3377   3378   3379   3380   3381   3382   3383   3384   3385   3386   3387   3388   3389   3390   3391   3392   3393   3394   3395   3396   3397   3398   3399   
3400   3401   3402   3403   3404   3405   3406   3407   3408   3409   3410   3411   3412   3413   3414   3415   3416   3417   3418   3419   3420   3421   3422   3423   3424   
3425   3426   3427   3428   3429   3430   3431   3432   3433   3434   3435   3436   3437   3438   3439   3440   3441   3442   3443   3444   3445   3446   3447   3448   3449   
3450   3451   3452   3453   3454   3455   3456   3457   3458   3459   3460   3461   3462   3463   3464   3465   3466   3467   3468   3469   3470   3471   3472   3473   3474   
3475   3476   3477   3478   3479   3480   3481   3482   3483   3484   3485   3486   3487   3488   3489   3490   3491   3492   3493   3494   3495   3496   3497   3498   3499   
3500   3501   3502   3503   3504   3505   3506   3507   3508   3509   3510   3511   3512   3513   3514   3515   3516   3517   3518   3519   3520   3521   3522   3523   3524   
3525   3526   3527   3528   3529   3530   3531   3532   3533   3534   3535   3536   3537   3538   3539   3540   3541   3542   3543   3544   3545   3546   3547   3548   3549   
3550   3551   3552   3553   3554   3555   3556   3557   3558   3559   3560   3561   3562   3563   3564   3565   3566   3567   3568   3569   3570   3571   3572   3573   3574   
3575   3576   3577   3578   3579   3580   3581   3582   3583   3584   3585   3586   3587   3588   3589   3590   3591   3592   3593   3594   3595   3596   3597   3598   3599   
3600   3601   3602   3603   3604   3605   3606   3607   3608   3609   3610   3611   3612   3613   3614   3615   3616   3617   3618   3619   3620   3621   3622   3623   3624   
3625   3626   3627   3628   3629   3630   3631   3632   3633   3634   3635   3636   3637   3638   3639   3640   3641   3642   3643   3644   3645   3646   3647   3648   3649   
3650   3651   3652   3653   3654   3655   3656   3657   3658   3659   3660   3661   3662   3663   3664   3665   3666   3667   3668   3669   3670   3671   3672   3673   3674   
3675   3676   3677   3678   3679   3680   3681   3682   3683   3684   3685   3686   3687   3688   3689   3690   3691   3692   3693   3694   3695   3696   3697   3698   3699   
3700   3701   3702   3703   3704   3705   3706   3707   3708   3709   3710   3711   3712   3713   3714   3715   3716   3717   3718   3719   3720   3721   3722   3723   3724   
3725   3726   3727   3728   3729   3730   3731   3732   3733   3734   3735   3736   3737   3738   3739   3740   3741   3742   3743   3744   3745   3746   3747   3748   3749   
3750   3751   3752   3753   3754   3755   3756   3757   3758   3759   3760   3761   3762   3763   3764   3765   3766   3767   3768   3769   3770   3771   3772   3773   3774   
3775   3776   3777   3778   3779   3780   3781   3782   3783   3784   3785   3786   3787   3788   3789   3790   3791   3792   3793   3794   3795   3796   3797   3798   3799   
3800   3801   3802   3803   3804   3805   3806   3807   3808   3809   3810   3811   3812   3813   3814   3815   3816   3817   3818   3819   3820   3821   3822   3823   3824   
3825   3826   3827   3828   3829   3830   3831   3832   3833   3834   3835   3836   3837   3838   3839   3840   3841   3842   3843   3844   3845   3846   3847   3848   3849   
3850   3851   3852   3853   3854   3855   3856   3857   3858   3859   3860   3861   3862   3863   3864   3865   3866   3867   3868   3869   3870   3871   3872   3873   3874   
3875   3876   3877   3878   3879   3880   3881   3882   3883   3884   3885   3886   3887   3888   3889   3890   3891   3892   3893   3894   3895   3896   3897   3898   3899   
3900   3901   3902   3903   3904   3905   3906   3907   3908   3909   3910   3911   3912   3913   3914   3915   3916   3917   3918   3919   3920   3921   3922   3923   3924   
3925   3926   3927   3928   3929   3930   3931   3932   3933   3934   3935   3936   3937   3938   3939   3940   3941   3942   3943   3944   3945   3946   3947   3948   3949   
3950   3951   3952   3953   3954   3955   3956   3957   3958   3959   3960   3961   3962   3963   3964   3965   3966   3967   3968   3969   3970   3971   3972   3973   3974   
3975   3976   3977   3978   3979   3980   3981   3982   3983   3984   3985   3986   3987   3988   3989   3990   3991   3992   3993   3994   3995   3996   3997   3998   3999   
4000   4001   4002   4003   4004   4005   4006   4007   4008   4009   4010   4011   4012   4013   4014   4015   4016   4017   4018   4019   4020   4021   4022   4023   4024   
4025   4026   4027   4028   4029   4030   4031   4032   4033   4034   4035   4036   4037   4038   
