
---------------------------第 0 次迭代----------------------------------

13   50   77   165   218   524   525   619   686   815   1028   1050   1093   1278   1360   1393   1395   1534   1652   1744   1778   1832   1905   1949   2260   
2301   2387   2518   2546   2632   2715   2730   2825   2959   3025   3183   3215   3264   3269   3282   3334   3340   3564   3614   3634   3726   3776   4034   4081   4117   
4126   4255   4355   4403   4405   4500   4506   4528   4670   4721   4738   4947   5122   5197   5215   5294   5526   5670   5677   5705   5708   5715   5729   5938   6121   
6350   6417   6522   6881   6979   7081   7141   7264   7344   7366   7543   7544   7709   7737   7807   7815   7838   7867   8089   8145   8152   8189   8211   8236   8279   
8280   8584   8635   8863   9025   9047   9143   9182   9336   9351   9411   9649   9758   9978   10046   10063   10076   10425   10602   10954   11164   11341   11382   11458   11652   
11717   11780   11837   11858   11870   11879   11936   11958   12123   12131   12199   12216   12321   12358   12456   12493   12637   13037   13112   13155   13169   13196   13240   13266   13430   
13441   13464   13991   14025   14292   14338   14358   14367   14397   14545   14588   14590   14596   14609   14633   14669   14762   14788   14917   14961   15085   15136   15182   15292   15369   
15800   15812   15836   15971   16040   16058   16061   16189   16279   16344   16623   16730   16901   16959   17029   17184   17192   17226   17389   17466   17507   17544   17551   17571   17719   
17750   17816   18126   18188   18197   18231   18243   18317   18382   18408   18453   18472   18531   18540   18590   18705   18772   18818   18825   19128   19290   19390   19447   19512   19687   
19724   20030   20118   20637   20702   20721   20803   20860   21125   21215   21501   21684   21713   21742   21829   21955   22029   22228   22297   22322   22611   22675   22756   23189   23194   
23380   23389   23394   23406   23436   23559   23627   23637   23656   23660   23730   23826   23842   23855   23925   23940   23951   24077   24128   24183   24235   24359   24391   24460   24609   
24610   24767   24771   24788   24863   24869   24932   24974   25081   25175   25471   25602   25690   25713   25767   25901   26178   26257   26618   27119   27174   27261   27359   27420   27442   
27455   27458   27496   27541   27589   27739   27756   27859   27985   28047   28096   28137   28539   28587   28649   28719   28761   28835   28950   29005   29015   29047   29251   29319   29524   
29629   29742   29760   29827   29962   30073   30184   30238   30274   30291   30322   30467   30469   30485   30541   30681   30714   30833   30983   31130   31440   31458   31541   31772   31884   
31921   32226   32248   32327   32329   32440   32488   32634   32682   32712   32764   32804   32828   32923   33019   33209   33279   33311   33338   33372   34156   34341   34373   34551   34686   
34712   34823   34835   34914   34994   35162   35241   35264   35273   35404   35445   35648   36004   36015   36212   36262   36378   36659   36712   36871   37001   37031   37068   37271   37474   
37537   37556   37559   37712   37967   37977   37989   38003   38021   38105   38168   38171   38256   38480   38536   39087   39094   39251   39297   39372   39746   39776   39934   39965   40162   
40283   40306   40313   40341   40680   40972   41199   41249   41274   41549   41717   41769   41883   41926   42243   43073   43243   43313   43543   43595   43713   43941   43961   44008   44302   
44320   44560   44686   44749   45064   45239   45281   45355   45482   45688   45694   46011   46272   46643   46654   46683   46779   46957   47021   47082   47143   48058   48065   48096   48261   
48406   48605   48739   48860   48861   48925   48954   48976   49060   49226   49269   49278   49418   49567   49569   49615   49738   49822   49894   49933   50173   50245   50479   50748   50992   
51084   51321   51356   51454   51531   51604   51684   51718   51777   51867   52229   52269   52426   52497   52596   52615   52657   52816   52823   52860   52962   52966   53030   53053   53072   
53097   53105   53320   53328   53466   53583   53646   53733   53841   53897   54493   54533   54696   54828   55206   55250   55281   55342   55397   55470   55509   55520   55718   55719   55733   
55817   55853   55966   55983   56090   56148   56183   56312   56333   56411   56577   56655   56690   56787   56874   56926   56981   57016   57213   57394   57483   57506   57676   57824   57830   
57831   57918   57961   58021   58191   58218   58243   58474   58660   58679   59035   59166   59169   59293   59435   59603   59675   59730   59780   59872   59961   59991   60033   60129   60680   
60781   60899   60908   60910   60916   60957   60999   61039   61167   61273   61274   61290   61366   61410   61596   61679   61814   61881   61925   62010   62061   62239   62295   62482   62510   
62566   62629   62870   62944   63036   63092   63252   63576   63591   63690   63710   63716   64008   64458   64503   64550   64660   64681   64817   64869   64895   64939   65121   65164   65353   
65509   65592   65745   65778   65889   66440   66479   66555   66666   66712   66772   66911   67017   67106   67138   67219   67328   67405   67439   67509   67520   67573   67782   67866   67960   
68017   68083   68289   68392   68649   68748   68818   68823   68837   68883   68984   69130   69230   69298   69305   69417   69421   69464   69485   69555   69565   69734   69941   69956   70084   
70093   70170   70171   70337   70425   70466   70477   70494   70550   70652   70735   70790   70828   70884   70891   70948   71001   71038   71052   71253   71293   71352   71607   71620   71650   
71668   71938   71976   72114   72232   72357   72369   72397   72700   72833   73101   73127   73272   73302   73318   73343   73457   73755   73769   73868   73932   73940   74201   74325   74540   
74909   74927   74957   74985   74991   75083   75165   75249   75305   75380   75510   75513   75517   75540   75774   75853   76029   76252   76314   76458   76543   76575   76809   77100   77234   
77359   77476   77583   77635   77847   77982   77995   78029   78171   78243   78247   78395   78405   78679   78692   78832   78957   78998   79062   79069   79233   79235   79338   79354   79386   
79438   79508   79690   79806   79833   80006   80448   80510   80931   80974   81044   81143   81237   81340   81392   81584   81773   82074   82108   82262   82291   82322   82333   82350   82356   
82404   82494   82581   82695   82742   82766   82811   83010   83325   83393   83564   83756   83869   83876   83878   83892   84000   84212   84255   84485   84625   84814   84897   84942   85108   
85109   85143   85202   85297   85443   85693   85790   85828   86067   86196   86221   86294   86328   86557   86704   87049   87145   87151   87169   87183   87265   87574   87781   88220   88296   
88349   88549   88795   89341   89376   89383   89458   89707   89800   89827   89908   89995   90047   90137   90304   90370   90403   90664   90739   90817   90951   90963   90985   91078   91719   
91725   91812   91970   92021   92022   92081   92317   92318   92962   92981   93012   93215   93224   93274   93562   93692   93812   93840   93917   93946   94144   94183   94184   94275   94283   
94394   94397   94404   94457   94526   94560   94665   94829   95031   95085   95177   95282   95292   95302   95391   95412   95480   95486   95881   95917   96136   96141   96780   96805   96849   
96965   97059   97065   97210   97309   97667   97693   97723   97995   98025   98114   98141   98164   98210   98280   98504   98626   98800   98905   98908   98968   99026   99056   99076   99077   
99080   99186   99327   99328   99335   99743   99838   99880   100090   100237   100357   100376   100466   100467   100474   100581   100727   100763   100874   100981   101162   101239   101473   101487   101524   
101582   101771   101803   101938   101980   102041   102267   102303   102343   102411   102478   102482   102613   102677   102759   102959   102962   102989   103069   103154   103342   103350   103575   103596   103601   
103732   104085   104158   104215   104318   104530   104546   104599   104663   104852   105187   105212   105429   105460   105576   105578   105609   105613   105695   105739   105768   105773   105942   105974   106022   
106056   106222   106237   106296   106322   106509   106587   106675   106749   106803   107082   107099   107439   107448   107467   107495   107592   107660   107724   107865   107989   107999   108009   108181   108188   
108362   108518   108779   109098   109114   109159   109198   109204   109417   109494   109705   109749   109764   109852   109925   110185   110296   110323   110351   110445   110599   110606   110610   110837   110884   
110969   111081   111284   111541   111542   111677   111730   111779   111791   111834   111933   112009   112104   112257   112280   112346   112688   112766   112802   113049   113123   113166   113192   113238   113240   
113260   113356   113422   113437   113495   113496   113632   113940   114027   114029   114034   114045   114047   114111   114149   114196   114202   114228   114508   114561   114730   114937   114970   115313   115451   
115458   115571   115696   115807   115946   115974   116009   116084   116126   116138   116198   116456   116540   116618   116647   116810   116982   117048   117059   117191   117346   117581   117654   117776   117905   
118022   118038   118228   118289   118632   118682   118826   118852   118891   118939   118949   118994   119054   119202   119373   119641   119871   120033   120036   120180   120193   120393   120455   120494   120515   
120607   120987   121079   121175   121185   121347   121385   121469   121484   121718   121952   122235   122381   122384   122566   122572   122729   122910   123043   123117   123195   123233   123629   123644   123679   
123704   123925   123932   123949   123978   124039   124049   124259   124304   124423   124601   124659   124682   124993   125060   125061   125136   125168   125338   125365   125459   125563   125572   125626   125730   
125829   125858   125934   125957   125991   126038   126170   126210   126244   126344   126347   126413   126545   126726   126777   126871   127078   127122   127126   127136   127170   127219   127225   127349   127547   
127557   127632   127729   127798   127860   127956   128031   128207   128303   128501   128544   128648   128747   128882   128932   128982   129427   129550   129658   129719   129749   129782   129820   129843   130099   
130188   130279   130433   130459   130484   130650   130655   130856   130887   131219   131511   131551   131601   131702   131879   131884   132023   132072   132290   132299   132433   132568   132579   132595   132670   
132672   132689   132971   133041   133073   133201   133327   133458   133693   133772   133958   134139   134165   134260   134478   134657   134692   134884   134981   135033   135207   135484   135553   135698   135825   
135876   135885   135900   136009   136023   136059   136202   136226   136315   136322   136390   136465   136486   136695   136888   137039   137053   137167   137176   137207   137260   137264   137339   137477   137488   
137510   137591   137620   137628   137784   137787   137896   138003   138004   138133   138255   138370   138458   138561   138753   138788   138797   138816   138819   139008   139125   139221   139586   139691   139918   
139950   140155   140180   140183   140255   140402   140574   141316   141775   141920   141933   141995   142133   142222   142254   142398   142475   142482   142487   142656   142720   142727   142743   142842   142985   
143022   143422   143488   143613   143621   143632   143721   143890   143957   144048   144132   144160   144300   144329   144395   144449   144850   144952   145186   145324   145341   145575   145595   145623   145691   
145934   145957   146022   146142   146338   146343   146411   146518   146562   146632   146668   146719   146936   146942   146999   147071   147183   147191   147421   147430   147445   147492   147642   147646   147752   
147819   147858   148110   148263   148294   148549   148718   148758   148795   149336   149468   149470   149627   149827   149850   149886   149919   149926   150033   150176   150321   150442   150458   150551   150681   
150700   151002   151079   151121   151179   151382   151404   151510   151744   151810   151984   152009   152036   152076   152201   152371   152564   152835   152861   152906   152962   152992   152997   153035   153062   
153070   153216   153291   153359   153485   153513   153576   153582   153613   153876   153911   153946   154250   154305   154376   154405   154478   154506   154531   154553   154570   154685   154762   155135   155211   
155213   155226   155279   155453   155592   155620   155821   155900   155978   156019   156060   156145   156176   156266   156287   156318   156651   156844   156858   156900   156999   157023   157029   157092   157355   
157399   157555   157596   157790   157838   157846   157988   158231   158243   158407   158830   159050   159059   159177   159199   159313   159412   159671   159702   159718   159867   159870   159990   160015   160452   
160540   160623   160639   160940   161008   161075   161331   161482   161757   161927   161930   161995   162120   162124   162205   162216   162453   162462   162534   162688   162807   162875   162913   162918   163034   
163286   163298   163887   163941   164437   164858   165136   165330   165337   165578   165584   165736   165759   165908   165929   166185   166211   166218   166221   166334   166394   166411   166446   166472   166503   
166662   166828   166902   167252   167290   167440   168035   168043   168071   168092   168519   168651   168762   168783   169036   169227   169362   169388   169480   169551   169619   169734   169819   169866   169884   
169894   170147   170364   170377   170516   170650   170671   170824   170852   170957   170978   171034   171035   171092   171289   171294   171326   171371   171468   171500   171684   171773   171788   171846   171937   
171967   172110   172237   172253   172316   172383   172450   172471   172538   172656   172661   172727   172728   172754   172884   172952   172999   173259   173372   173418   173422   173656   173680   173840   174080   
174081   174097   174510   174521   174606   174840   174919   175158   175193   175288   175326   175487   175511   175613   175754   175776   175783   175799   175806   176101   176182   176207   176228   176347   176373   
176415   176601   176692   176924   177155   177274   177325   177594   177996   178045   178054   178092   178101   178133   178150   178209   178418   178446   178472   178493   178566   178638   178778   178784   178798   
179223   179344   179561   179753   179796   179915   179942   179945   180021   180185   180221   180379   180382   180425   180448   180527   180678   180762   180900   180906   180989   181016   181076   181102   181115   
181310   181403   181424   181470   181542   181721   181732   181783   181861   181884   181995   182170   182228   182550   182595   182737   182861   182960   182995   183011   183012   183120   183240   183276   183785   
183833   183870   183885   183889   183936   184042   184114   184127   184296   184309   184367   184486   184506   184633   184693   184710   184775   184951   185032   185078   185087   185227   185228   185367   185373   
185563   185732   185871   185882   185998   186093   186105   186181   186237   186322   186379   186412   186427   186428   186432   186446   186469   186675   186717   186856   186958   187007   187176   187330   187443   
187469   187575   187653   187664   187684   187784   187875   187898   187913   187933   188023   188156   188200   188298   188758   188933   189011   189039   189057   189090   189121   189153   189157   189236   189404   
189430   189617   189686   189837   190010   190218   190270   190336   190350   190621   190632   190753   190884   191029   191108   191116   191134   191233   191350   191412   191423   191457   191594   191646   191695   
191709   191710   191829   191858   192170   192384   192441   192583   192592   192609   192635   192743   192817   193000   193036   193252   193281   193458   194003   194011   194100   194334   194350   194432   194679   
194957   194992   195120   195173   195194   195256   195261   195390   195416   195585   195607   195768   195960   196017   196296   196441   196520   196635   196784   196806   196967   197082   197134   197140   197147   
197433   197473   197515   197546   197806   197859   197879   197893   197926   198235   198290   198406   198418   198432   198475   198584   198635   198738   198882   199022   199144   199430   199448   199628   199711   
199739   199850   199957   199970   200119   200180   200208   200222   200310   200334   200799   201168   201185   201230   201259   201559   201609   201758   201873   201915   201989   202022   202114   202209   202595   
202599   202610   202703   202792   202922   202994   203099   203182   203412   203460   203487   204135   204146   204153   204325   204334   204475   204638   204642   204791   205155   205452   205550   205690   205726   
205804   205842   205899   205919   205984   206051   206164   206197   206411   206421   206535   206674   206678   206810   206895   206990   207147   207186   207233   207355   207560   207676   207757   207770   207786   
207824   207936   208028   208074   208193   208318   208442   208462   208480   208523   208638   208719   208743   208807   208911   208928   208951   209093   209420   209733   209945   210090   210170   210399   210402   
210418   210420   210513   210641   210700   210737   210758   210765   210805   210980   211012   211064   211117   211174   211276   211449   211550   211594   211659   211690   211710   211727   211846   211941   212052   
212143   212170   212224   212409   212526   212698   212708   212739   212853   212862   212927   212928   212976   212996   213063   213087   213355   213360   213399   213410   213433   213481   213579   213625   213682   
213784   213795   213960   214177   214302   214427   214608   214633   214691   214723   214880   215067   215224   215326   215419   215604   215763   215781   215815   215841   215859   216098   216181   216275   216419   
216427   216614   216842   217010   217430   217432   217435   217883   218019   218205   218315   218321   218440   218639   218766   218811   218897   218915   219352   219852   219870   220044   220201   220357   220363   
220483   220523   220593   220754   220822   221053   221161   221182   221312   221382   221429   221443   221448   221616   221741   222059   222363   222508   222786   222827   222840   223033   223035   223160   223179   
223286   223646   223766   223901   223962   224197   224261   224324   224543   224629   224688   224722   224931   225088   225095   225109   225113   225145   225313   225421   225556   225817   225992   226286   226392   
226501   226511   226594   226769   226969   226981   227172   227228   227450   227510   227512   227532   227563   227581   227603   227651   227714   227889   228056   228061   228071   228292   228385   228439   228510   
228522   228604   228664   228827   228835   228904   228946   229180   229188   229320   229402   229441   229574   229704   229811   229828   229965   230095   230210   230247   230249   230354   230393   230458   230523   
230538   230595   230770   230960   231107   231133   231198   231338   231359   231375   231498   231612   231622   231832   231931   231942   232017   232052   232123   232255   232300   232531   232662   232693   232801   
233019   233156   233203   233317   233451   233657   233882   233998   234134   234300   234317   234346   234658   234729   234765   234869   234908   234981   235071   235244   235262   235502   235529   235539   235661   
235768   235876   236019   236045   236048   236105   236191   236311   236466   236521   236549   236692   236706   236751   236821   236855   236900   236918   236976   237038   237060   237202   237355   237445   237484   
237487   237594   237738   237752   237876   237971   238169   238171   238277   238317   238318   238328   238448   238651   238656   238727   238837   239227   239323   239349   239350   239387   239705   239870   239903   
239909   239980   240051   240203   240210   240354   240486   240643   240703   240724   240907   240964   240985   241046   241220   241541   241725   241735   241938   242361   242789   242815   243118   243131   243289   
243757   243806   243848   243891   244103   244318   244356   244390   244455   244509   244527   244545   244659   244667   244846   244936   245109   245196   245365   245390   245447   245566   245588   245618   245631   
245906   245920   245950   246073   246186   246393   246475   246506   246566   246800   246860   247037   247069   247116   247319   247491   247509   247611   247614   247624   247657   247747   248181   248350   248669   
248865   249008   249185   249258   249363   249366   249376   249397   249466   249485   249505   249569   249580   249630   249690   249782   249928   250185   250217   250298   250304   250528   250822   250864   250936   
251012   251057   251263   251265   251275   251355   251370   251377   251415   251895   252061   252339   252582   252611   252820   252988   252992   253045   253112   253215   253256   253293   253691   253703   253850   
253895   253906   253925   253929   254238   254346   254385   254393   254544   254553   254578   254673   254840   255008   255057   255114   255213   255372   255401   255619   255702   255851   255967   255983   255994   
256229   256273   256319   256572   256617   256706   256768   256834   256836   257009   257137   257325   257331   257416   257608   257717   257749   257858   257910   257931   257978   257989   258056   258103   258507   
258534   258585   258626   258652   258838   258927   259086   259154   259288   259319   259619   259653   259738   259790   259977   259984   260076   260389   260511   260735   260860   260871   261023   261205   261255   
261466   261587   261632   261738   261739   262065   262076   262136   262192   262300   262378   262568   262599   262606   262623   262719   262780   262886   262894   263022   263066   263134   263142   263176   263192   
263408   263528   263898   263923   263978   264037   264138   264283   264293   264402   264420   264495   264599   264645   264678   264686   264693   264794   264805   265182   265237   265617   265866   266255   266428   
266784   266893   266991   267018   267161   267201   267253   267283   267289   267382   267456   267675   267684   267836   267849   268040   268049   268061   268087   268267   268289   268316   268317   268359   268403   
268668   268705   268975   268976   269084   269178   269511   269624   269637   269772   269781   269831   269963   270150   270164   270210   270211   270255   270327   270365   270386   270450   270515   270637   270776   
270784   270826   270863   270883   270956   270981   271042   271136   271319   271364   271519   271736   271774   271920   271992   272209   272224   272429   272459   272532   272535   272635   273041   273149   273349   
273355   273372   273410   273765   273806   273834   273989   274004   274032   274075   274178   274216   274255   274276   274539   274566   274756   274896   274998   275044   275074   275085   275278   275323   275345   
275373   275511   275531   275622   275733   275762   275913   276227   276309   276551   276578   276732   276766   276767   277074   277130   277139   277421   277436   277443   277560   277600   278032   278044   278059   
278077   278126   278276   278305   278335   278459   278547   278559   278649   278655   278714   278856   278892   278907   278941   278956   279450   279488   279531   279569   279577   279653   279684   279695   279734   
279763   279892   280143   280180   280204   280469   280531   280534   280536   280562   280600   280876   280963   281011   281052   281126   281165   281182   281389   281397   281497   281507   281512   281830   282000   
282186   282239   282338   282622   282650   282696   282801   283005   283252   283603   283653   283713   283714   283798   283812   283819   283851   283862   284073   284123   284290   284399   284773   284797   284863   
284877   284887   284895   284927   285264   285381   285425   285447   285464   285558   285632   285712   285822   285928   285978   286174   286210   286469   286821   286894   286924   287021   287066   287254   287277   
287287   287501   287534   287560   287661   287967   288206   288621   288720   288832   288854   289067   289380   289423   289697   289744   289789   289900   289922   289968   290502   290762   290808   291148   291224   
291440   291573   291624   291740   291862   292071   292123   292138   292170   292200   292304   292318   292625   292700   292727   292728   292730   292756   292759   292904   293052   293067   293092   293260   293343   
293391   293435   293502   293623   293647   293800   293823   293847   293853   293855   294040   294171   294191   294419   294463   294599   294637   294799   294872   294891   294973   295238   295681   296193   296240   
296308   296382   296440   296525   296646   296799   297438   297852   298008   298014   298019   298084   298085   298146   298155   298215   298523   298602   298699   298724   298725   298764   298815   298916   298949   
299071   299073   299160   299215   299339   299368   299418   299560   299563   299573   299796   300069   300200   300262   300290   300614   300701   300844   300877   300899   300941   301031   301254   301335   301344   
301350   301365   301507   301537   301567   301580   301661   301719   301767   301784   301963   302096   302484   302501   302569   302632   302648   302652   302699   302781   302905   302921   302949   302952   302953   
303004   303214   303278   303353   303381   303465   303483   303488   303722   303788   303842   303923   304156   304165   304248   304335   304390   304407   304855   304886   304896   304897   304909   304949   305068   
305295   305557   305574   305594   305691   305946   305981   306030   306278   306372   306484   306553   306570   306660   306686   306744   306750   306766   306943   307022   307212   307303   307337   307396   307398   
307436   307450   307528   307633   307711   307727   307773   307890   308152   308315   308359   308382   308383   308507   308578   308692   308732   308757   308954   309025   309053   309174   309257   309568   309757   
309800   310060   310099   310183   310290   310309   310345   310346   310360   310423   310604   310746   310877   311007   311016   311090   311224   311362   311412   311449   311501   311607   311721   311757   311821   
312029   312037   312039   312263   312400   312448   312455   312582   312704   312723   312989   313024   313029   313340   313373   313679   313793   313897   313923   313943   313977   314010   314165   314205   314208   
314233   314331   314408   314591   314602   314677   314700   314767   314825   314882   314967   315058   315069   315278   315419   315640   315738   316042   316105   316463   316466   316539   316557   316670   316743   
316801   316824   316830   316899   316976   316987   317243   317267   317323   317371   317455   317457   317528   317575   317635   317867   318038   318177   318204   318303   318405   318583   318593   318725   318824   
318956   319113   319117   319125   319196   319240   319509   319602   319663   319704   319764   319781   319783   319882   320055   320083   320096   320097   320120   320195   320253   320379   320438   320535   320658   
320738   320802   320832   321000   321077   321105   321111   321206   321301   321383   321392   321479   321555   321635   321771   321786   321947   322211   322273   322409   322681   322697   322765   322770   322785   
322812   322874   322943   323011   323033   323371   323493   324114   324204   324483   324556   324640   324652   324683   324704   324997   325260   325339   325424   325581   325636   325699   325765   325805   325818   
325833   325874   325891   325979   326275   326335   326373   326507   326712   327022   327191   327261   327301   327327   327417   327647   327677   327945   327965   327968   328138   328236   328256   328266   328275   
328389   328396   328717   328831   328833   328922   328946   329001   329042   329045   329051   329317   329321   329328   329358   329556   329568   329731   329774   329809   329893   329942   330122   330154   330205   
330224   330248   330432   330434   330474   330517   330583   330813   330996   331002   331125   331514   331561   331681   331698   331994   332227   332228   332280   332337   332375   332527   332580   332976   333159   
333281   333389   333418   333530   333563   333631   333729   333750   333788   333900   334028   334269   334334   334416   334698   334828   334840   334853   334925   334955   335058   335148   335195   335312   335387   
335442   335445   335463   335497   335531   335668   335729   335846   335863   335893   335921   336139   336190   336275   336305   336490   336594   336788   336825   336861   336930   336996   337080   337340   337371   
337491   337519   337522   337569   337595   337959   337961   338099   338117   338144   338301   338670   338698   339106   339269   339319   339346   339404   339478   339533   339578   339773   339775   339845   339906   
339911   339978   340033   340315   340428   340527   340571   340598   340675   340686   340709   340837   341050   341139   341145   341231   341311   341396   341414   341542   341582   341592   341616   341635   341671   
341725   341971   342123   342161   342263   342387   342459   342564   342614   342786   342790   342922   342998   343181   343200   343373   343378   343748   343752   343796   343824   343851   343943   343973   344047   
344105   344124   344281   344666   344835   344861   344903   344991   345058   345167   345469   345551   345764   345851   345900   345973   345991   346091   346548   346602   346611   346905   346943   347064   347076   
347191   347311   347315   347641   347748   347762   347854   347959   347976   347991   348062   348085   348177   348268   348296   348410   348654   348757   348796   348863   348923   348988   349014   349050   349129   
349262   349349   349409   349506   349534   349566   349668   349790   349924   349945   350056   350104   350141   350227   350423   350458   350475   350776   350800   350805   350840   350863   350883   350952   350962   
350968   351241   351253   351273   351403   351435   351472   351540   351582   351701   351722   352197   352278   352722   352899   352939   352981   353032   353219   353252   353263   353579   353640   353942   354106   
354114   354175   354264   354358   354414   354542   354722   354753   354968   355135   355211   355234   355323   355347   355548   355690   355753   355839   355920   355989   356064   356143   356166   356256   356269   
356295   356303   356564   356671   356719   356910   356955   357002   357072   357175   357248   357294   357358   357405   357546   357684   358018   358185   358258   358463   358500   358566   358584   358750   358781   
358877   358953   359356   359365   359520   359543   359566   359618   359651   359652   359687   359719   360012   360086   360101   360170   360215   360275   360608   360653   360851   360881   361113   361132   361216   
361908   361999   362094   362174   362394   362422   362618   362818   362826   362976   362993   363009   363108   363234   363261   363312   363321   363401   363402   363534   363708   363723   363735   363814   363884   
364014   364049   364080   364133   364274   364280   364296   364370   364524   365402   365513   365609   365635   366030   366159   366198   366205   366208   366339   366442   366509   366523   366613   366679   366726   
366825   366881   366898   367266   367469   367569   367570   367820   367973   368241   368252   368492   368504   368590   368805   368824   368829   368849   368950   369007   369037   369173   369274   369287   369342   
369369   369458   369838   370013   370200   370202   370372   370393   370427   370568   370670   370671   370675   370703   370809   370821   370846   370939   370968   371292   371413   371563   371601   371604   371728   
371749   371917   372038   372064   372190   372254   372266   372376   372434   372452   372462   372526   372711   373031   373048   373097   373183   373270   374056   374567   374808   374872   375009   375099   375125   
375390   375403   375416   375480   375496   375541   375550   375782   376049   376361   376401   376404   376573   376679   376764   376879   377035   377208   377217   377300   377302   377337   377367   377423   377462   
377508   377923   377954   377996   378006   378102   378316   378861   378982   379046   379118   379134   379227   379295   379392   379408   379509   379570   379627   379629   379731   379745   379949   380029   380085   
380171   380216   380407   380413   380449   380460   380535   380903   380927   380951   381066   381250   381297   381382   381391   381462   381682   381718   381763   381922   382274   382304   382321   382496   382582   
382613   382651   382771   382774   382817   382826   383261   383358   383538   383828   384528   384532   384660   384849   384920   385174   385218   385256   385259   385267   385334   385432   385504   385741   385836   
385898   386096   386135   386144   386158   386354   386563   386633   386770   386795   386876   386984   387012   387194   387273   387321   387325   387413   387536   387640   388096   388315   388362   388411   388565   
388572   388704   388705   388715   388877   388898   389036   389244   389441   389486   389560   389561   389724   389843   389903   390033   390183   390221   390241   390304   390313   390339   390365   390456   390828   
390888   390957   391070   391242   391399   391571   391633   391677   391735   391819   392012   392113   392124   392550   392617   392670   392698   392736   392802   392807   392856   393043   393075   393088   393145   
393278   393652   393703   393762   393898   394050   394317   394329   394353   394424   394505   394509   394560   394561   394564   394632   394649   394826   394899   394904   394922   395037   395107   395493   395618   
395769   395777   395944   395986   396006   396128   396170   396177   396244   396247   396339   396369   396693   396704   396922   396985   397028   397038   397132   397243   397318   397431   397698   397820   398217   
398361   398371   398540   398610   398773   398805   398816   398901   398908   399176   399181   399272   399326   399335   399605   399714   399749   399784   399849   400000   400319   400500   400631   400741   400746   
401161   401433   401462   401585   401604   401786   402047   402134   402422   402500   402506   402529   402546   402612   402651   402655   402735   402818   402852   402859   403070   403101   403120   403259   403342   
403371   403527   403702   403742   403797   403810   403970   404064   404129   404231   404256   404314   404347   404352   404403   404473   404637   404707   404817   404993   405066   405130   405134   405145   405205   
405239   405313   405462   405471   405724   406024   406152   406250   406472   406574   406620   406722   407081   407228   407287   407302   407769   407861   407882   407900   408238   408288   408357   408476   408700   
408750   408854   408926   408950   409043   409151   409498   409515   409638   409693   409714   409727   409828   409892   409914   410003   410012   410108   410117   410154   410175   410181   410430   410583   410829   
411361   411408   411599   411764   411772   411774   412071   412193   412215   412230   412236   412364   412517   412521   412530   412561   412913   412922   412959   413150   413212   413217   413240   413299   413343   
413393   413479   413777   413799   413894   413917   414132   414361   414403   414749   414796   414817   414858   414913   414951   414963   415371   415438   415566   415744   415757   416050   416121   416141   416164   
416207   416294   416449   416573   416579   416608   416714   416979   417038   417159   417227   417266   417401   417404   417428   417530   417593   417734   417968   418180   418315   418365   418397   418608   418672   
418911   419083   419087   419115   419251   419432   419496   419763   419860   419869   419917   420027   420035   420054   420135   420247   420380   420389   420399   420416   420613   421006   421543   421795   421843   
421868   422065   422221   422441   422478   422526   422528   422567   422657   422711   422989   423013   423098   423115   423258   423358   423595   423640   423844   423885   424246   424295   424679   424815   424859   
424901   424923   424982   424998   425009   425062   425082   425172   425223   425281   425393   425430   425484   425571   425581   425602   425692   425733   426208   426210   426337   426341   426384   426544   426559   
426601   426639   426775   426798   426846   426858   427126   427148   427247   427253   427273   427434   427461   427525   427563   427629   427645   427876   427887   427904   427969   428142   428252   428449   428498   
428557   428642   429017   429113   429186   429302   429514   429551   429619   429799   429856   429888   430031   430061   430177   430224   430255   430335   430530   430644   430669   430964   431105   431254   431308   
431391   431489   431495   431552   431588   431804   431864   431888   432109   432126   432136   432495   432589   432605   432611   432627   432657   432944   433063   433193   433402   433416   433613   433749   433984   
434178   434190   434282   434286   434295   434381   434430   434443   434650   434866   434931   434965   435010   435028   435057   435094   435243   435289   435345   435362   435438   435515   435810   435827   435831   
435869   435875   435931   436251   436286   436442   436471   436617   436642   436747   436769   436854   436908   437124   437315   437365   437385   437398   437427   437444   437481   437582   437739   437817   438088   
438096   438191   438291   438563   438653   438824   438837   438917   439004   439037   439311   439334   439435   439542   439590   439818   439857   439898   440038   440070   440178   440352   440538   440548   440885   
441064   441097   441588   441741   441785   442089   442094   442138   442211   442266   442355   442554   442583   442634   442641   442711   442750   442752   442756   442775   442861   443047   443110   443225   443631   
443677   443734   443798   443818   443939   443957   443962   443984   444007   444046   444172   444262   444296   444522   444562   444564   444603   444618   444770   444871   445084   445099   445246   445260   445340   
445489   445897   446058   446293   446307   446400   446425   446449   446524   446645   446785   446821   446828   446834   446982   447469   447562   447791   447866   447894   447993   448070   448204   448220   448230   
448340   448381   448384   448468   448514   448570   448601   448665   448761   448857   448944   448956   449065   449264   449327   449426   449570   449587   449759   449827   449844   449904   449994   450050   450152   
450242   450254   450258   450394   450466   450505   450517   450524   450602   450628   450698   450715   450725   450729   450771   450915   451346   451395   451445   451602   452041   452062   452130   452218   452281   
452351   452355   452460   452498   452546   452858   452885   453078   453206   453303   453414   453510   453643   453645   453722   453798   453954   454034   454316   454424   454425   454486   454488   454695   454841   
454917   454955   455127   455243   455640   455764   455817   455925   456002   456102   456243   456261   456684   456715   456741   456742   456869   456915   456968   457059   457062   457090   457182   457224   457420   
457539   457573   457611   457633   457788   457814   457892   457898   458080   458087   458159   458223   458367   458712   458872   459003   459149   459188   459221   459277   459540   459685   459832   459994   460070   
460490   460615   460809   461015   461475   461486   461530   461811   462262   462310   462314   462368   462393   462520   462532   462667   462669   462742   462811   462815   462873   462957   463111   463370   463393   
463496   463614   463660   463678   463776   463861   463875   464214   464239   464251   464480   464501   464620   464751   465024   465256   465280   465318   465406   465501   465533   465683   465738   465739   465812   
465835   465993   466049   466169   466330   466410   466504   466531   466591   466656   466782   466804   466854   467085   467310   467446   467455   467495   467516   467766   467897   468164   468203   468247   468497   
468685   468732   468805   468992   469009   469165   469385   469475   469586   469629   469655   469707   469736   469834   470146   470149   470383   470417   470430   470526   470618   470923   470974   471044   471054   
471138   471243   471611   471715   471753   471828   471857   471950   471972   472035   472223   472259   472326   472336   472362   472505   472666   472767   473022   473289   473373   473430   473449   473528   473529   
473651   473764   473803   473842   473992   474071   474074   474253   474289   474332   474335   474345   474403   474516   474593   474596   474633   474746   474843   475034   475075   475132   475206   475231   475258   
475328   475385   475405   475542   475667   475796   475799   475808   476118   476304   476359   476416   476502   476723   476861   477200   477287   477316   477391   477455   477457   477623   478145   478243   478263   
478348   478364   478427   478851   479059   479216   479331   479335   479810   479886   479946   479958   480015   480029   480158   480243   480350   480496   480815   480918   480992   481154   481170   481179   481290   
481473   481517   481729   481754   481892   482043   482112   482154   482158   482333   482434   482443   482638   482679   482708   482961   482983   483169   483518   483552   483682   483819   483838   483880   483974   
484001   484090   484157   484272   484538   484738   484741   484938   485163   485287   485480   485627   485817   485854   485942   485953   486375   486393   486545   486696   486902   486916   487122   487265   487415   
487562   487701   487704   487926   487990   488011   488035   488086   488216   488277   488353   488371   488397   488444   488460   488497   488617   488805   488874   488912   488958   488964   488990   489003   489105   
489142   489160   489246   489289   489295   489411   489588   489610   489620   489633   489812   489926   490380   490723   490766   491143   491198   491254   491445   491524   491627   491763   491863   491896   491928   
491939   491950   492517   492659   492664   492712   492721   492758   492940   492985   493122   493259   493657   494044   494071   494255   494302   494385   494485   494495   494597   494685   494919   495059   495329   
495398   495424   495639   495742   495768   495789   496242   496295   496302   496608   496881   497033   497114   497420   497760   497763   497789   497858   497948   497983   498389   498608   498758   498888   499247   
499321   499327   499571   499593   499620   499698   499845   499996   500156   500199   500207   500318   500329   500555   500645   500677   500776   500782   500860   500952   500977   501017   501137   501167   501387   
501656   501866   501873   501885   502026   502126   502149   502170   502214   502420   502622   502634   502682   502713   502724   502761   502828   502986   503108   503349   503426   503449   503526   503556   503612   
503730   503796   503837   503875   503924   504027   504047   504463   504569   504775   504785   504824   504875   505007   505073   505122   505184   505194   505634   505670   505718   505872   506008   506066   506126   
506129   506161   506254   506365   506421   506876   507078   507446   507510   507561   507575   507665   507687   507693   507701   507741   507800   507832   507927   507956   507989   508093   508094   508246   508348   
508389   508416   508446   508458   508518   508650   508702   508767   508821   508824   508827   509070   509320   509389   509619   510013   510131   510302   510309   510379   510674   510766   510943   511018   511176   
511357   511430   511876   511902   511905   512096   512215   512242   512316   512424   512454   512959   513094   513176   513225   513390   513638   513774   513981   514054   514126   514152   514231   514589   514637   
514746   514817   514927   514938   514963   514996   515108   515554   515642   515687   515739   515761   515969   516058   516533   516621   516695   516809   516835   516895   516939   517019   517108   517113   517292   
517393   517514   517572   517607   517686   517800   518121   518246   518426   518451   518518   518534   518737   518742   518826   518968   518981   519010   519131   519310   519425   519977   520071   520290   520307   
520338   520504   520681   520776   521051   521142   521189   521433   521526   521528   521597   521728   521824   522105   522135   522178   522256   522612   522641   522703   522816   523072   523244   523322   523607   
523808   523879   523933   523943   524018   524098   524215   524435   524540   524564   524661   525075   525090   525094   525180   525185   525326   525474   525538   525555   525634   525637   525661   525772   525941   
526194   526352   526379   526466   526621   526778   527264   527506   527518   527643   527756   528013   528026   528183   528253   528277   528295   528383   528467   528533   528657   528818   528916   528960   529415   
529478   529494   529523   529532   529699   529781   530074   530115   530161   530358   530650   530713   530802   530855   530909   530988   531076   531228   531353   531522   531644   531841   531911   531962   531974   
531979   532041   532073   532094   532252   532434   532515   532520   532630   532810   532861   533274   533302   533765   533777   533833   534006   534448   534698   534890   535086   535171   535245   535304   535384   
535391   535435   535594   535646   535647   536031   536042   536053   536081   536208   536222   536484   536511   536539   536573   536623   536641   536727   536739   536895   536941   537119   537140   537197   537198   
537321   537324   537463   537544   537546   537617   537687   537931   538043   538062   538228   538274   538328   538329   538493   538526   538591   538879   538924   538953   539005   539011   539029   539203   539262   
539432   539461   539511   539543   539612   539651   539904   539996   540054   540129   540190   540225   540336   540381   540439   540489   540548   540758   540782   540821   540898   540932   540937   540971   541147   
541216   541301   541306   541504   541703   541994   542002   542105   542116   542280   542291   542307   542335   542336   542338   542438   542473   542486   542498   542745   542787   542814   542878   542961   543118   
543242   543320   543579   543880   544199   544217   544543   544590   544699   544711   544740   544820   544850   544905   545093   545119   545136   545240   545406   545495   545754   545850   546114   546185   546207   
546249   546379   546603   546814   546848   546973   547210   547377   547380   547446   547485   547497   547500   547681   547787   548084   548158   548329   548425   548490   548510   548717   548817   548832   549069   
549180   549257   549449   549578   549691   549775   549995   550113   550181   550251   550276   550302   550455   550733   550737   550863   551093   551094   551163   551309   551395   551505   551710   551731   551891   
551934   552109   552173   552248   552405   552489   552567   552633   552667   552722   553014   553066   553232   553343   553389   553429   553736   553805   553913   553962   554087   554164   554255   554645   554868   
554874   554996   555095   555186   555336   555602   555748   555973   555986   555987   556048   556072   556081   556215   556252   556408   556454   556456   556613   556627   556641   556879   557009   557054   557159   
557279   557301   557354   557416   557530   557568   557617   557812   558039   558080   558187   558376   558402   558445   558481   558636   558659   558880   558920   559035   559105   559299   559354   559422   559477   
559507   559528   559590   559791   559881   559918   560030   560035   560136   560400   560592   560696   560803   560811   560864   561778   562017   562171   562270   562493   562544   562635   562664   562726   562732   
562860   563180   563188   563248   563252   563268   563357   563467   563711   563787   563868   564025   564067   564528   564555   564703   564823   564875   564959   565042   565246   565460   565662   565694   565901   
566014   566026   566205   566257   566285   566383   566399   566425   566463   566570   566721   566820   566822   567024   567193   567209   567279   567371   567483   567555   567630   567673   567810   567857   568039   
568064   568202   568213   568217   568244   568291   568490   568596   568740   568841   569093   569135   569257   569338   569350   569483   569598   569823   569955   569978   570006   570153   570359   570387   570389   
570831   570833   570968   571084   571492   571548   571555   571573   571586   571636   571888   571957   571969   571977   572140   572163   572409   572493   572576   572577   572582   572669   572676   572687   572737   
572837   572868   572917   572937   572967   573002   573027   573066   573090   573359   573391   573465   573628   573657   573825   573904   573957   573978   574009   574154   574520   574726   574738   574776   574898   
575084   575089   575110   575177   575545   575607   575783   575957   576095   576113   576278   576391   576458   576557   576768   576801   576850   576986   577081   577185   577259   577411   577876   578185   578227   
578258   578491   578509   578519   578535   578550   578646   578865   578939   579218   579349   579498   579585   579597   579599   579676   579728   579850   579894   579905   579909   579986   580063   580255   580398   
580466   580586   580691   580715   580761   580762   580827   580880   580902   581147   581232   581382   581675   581851   582568   582709   582779   582814   583027   583155   583167   583427   583442   583458   583512   
583903   583911   583918   583942   584000   584148   584192   584364   584642   584762   584787   584790   584799   584803   584824   584966   585059   585082   585092   585187   585235   585271   585274   585310   585340   
585387   585673   585676   585683   585688   585719   585809   585866   586139   586218   586238   586354   586420   586424   586444   586460   586612   586629   586650   586763   586814   586837   586877   586943   586955   
587161   587231   587385   587471   587645   587703   587759   587815   588140   588157   588255   588348   588371   588408   588416   588488   588706   588837   588873   588994   589015   589443   589482   589512   589610   
589729   589780   590181   590428   590503   590588   590629   590661   590713   591011   591105   591198   591222   591379   591391   591580   591636   591774   591809   591885   592045   592147   592342   592457   592487   
592678   592680   593000   593036   593198   593228   593281   593288   593313   593355   593528   593679   593736   593773   593836   593925   594034   594061   594099   594119   594156   594373   594385   594448   594521   
594602   594646   594846   594857   594871   594893   595262   595517   595605   595612   595632   595696   595728   595750   595805   595816   595875   596085   596089   596118   596148   596172   596196   596223   596352   
596358   596433   596670   596976   597093   597112   597526   597612   597689   597849   598038   598088   598161   598218   598399   598428   598503   598718   598765   598795   598911   599345   599404   599421   599564   
599608   599628   599691   599838   599891   599976   600037   600275   600317   600398   600433   600439   600485   600658   600887   601262   601361   601448   601792   601956   602046   602131   602196   602289   602388   
602475   602501   602570   602714   602911   602952   603050   603059   603094   603174   603197   603269   603333   603637   603800   603809   603968   604047   604050   604078   604111   604360   604431   604760   604769   
604788   604868   604927   605032   605070   605144   605196   605217   605241   605335   605365   605459   605540   605721   605888   605976   606186   606199   606214   606242   606358   606545   606574   606577   606729   
606754   606846   606981   607014   607117   607168   607387   607799   607808   607975   608239   608306   608345   608427   608609   608722   608749   608795   608813   608928   608937   608985   608991   609166   609365   
609423   609469   609554   610149   610196   610352   610607   610762   610893   610957   610959   611017   611085   611229   611451   611777   611778   611789   611885   612074   612119   612181   612227   612403   612512   
612872   612956   613103   613154   613210   613254   613323   613336   613554   613639   613695   613799   614029   614273   614307   614357   614452   614464   614481   614548   614561   614566   614586   614595   614705   
614744   615055   615146   615228   615437   615463   615590   615602   615796   615821   615952   615964   616051   616091   616197   616201   616335   616360   616380   616423   616438   616505   616766   616840   616859   
616974   617189   617195   617651   617663   617772   617848   617858   617905   617984   618078   618212   618226   618412   618459   618530   618676   618809   618899   619009   619114   619228   619582   619612   619708   
619756   619803   619859   619869   619907   619948   620027   620046   620067   620408   620423   620570   621095   621164   621269   621580   621681   621835   621850   621872   622034   622382   622621   622622   622681   
622763   622872   622969   623001   623151   623404   623632   623644   623790   623885   623974   624108   624205   624227   624232   624246   624447   624460   624465   624524   624529   624536   624571   624604   624609   
624779   624796   624851   624874   625272   625311   625315   625317   625519   625543   625893   626195   626367   626530   626582   626592   626633   626803   626961   627215   627241   627250   627259   627288   627310   
627323   627427   627673   627971   628027   628252   628266   628421   628445   628506   628679   628712   628837   628974   629364   629423   629450   629548   629586   629652   629743   629853   629990   630018   630058   
630064   630254   630402   630419   630434   630515   630637   630692   630775   630797   630849   630857   630891   631200   631242   631306   631377   631559   631583   631871   632031   632054   632279   632292   632406   
632429   632563   632668   632777   632820   632898   633122   633123   633175   633212   633295   633612   633676   633801   633825   633905   634104   634107   634320   634563   634612   634624   634765   634795   634814   
634844   634949   635016   635110   635180   635197   635200   635362   635387   635391   635474   635671   635827   635845   635945   636068   636101   636229   636312   636342   636350   636401   636505   636548   636562   
636583   636767   636826   636907   637038   637276   637390   637625   637629   637749   637781   637846   637906   637974   638073   638206   638334   638532   638753   638921   639095   639185   639190   639414   639419   
639570   639583   639677   639695   639731   639921   639981   640240   640343   640512   640545   640551   640595   640767   640790   640827   640836   640975   641240   641249   641304   641445   641468   641549   641770   
641772   641790   641912   642241   642553   642632   642813   642816   642848   642899   643208   643334   643646   643697   643732   643834   643856   644067   644076   644121   644388   644588   644607   644644   644674   
644687   644691   644824   644901   644934   645051   645147   645237   645460   645485   645515   645529   645532   645547   645597   645606   645627   645660   645663   645697   645746   645810   645833   645946   646023   
646118   646277   646361   646404   646518   646521   646668   647123   647139   647214   647288   647302   647540   647732   647824   647894   647965   648011   648059   648118   648205   648214   648217   648272   648400   
648418   648523   648559   648800   648921   648951   649271   649365   649489   649641   649678   649764   649892   649961   650004   650146   650161   650237   650424   650470   650561   650591   650662   650694   650920   
651092   651132   651278   651455   651559   651608   651698   651758   651889   652083   652263   652290   652378   652527   652558   652604   652696   652738   652843   652927   652930   653009   653068   653069   653149   
653279   653338   653465   653628   653829   653869   654058   654097   654102   654144   654198   654219   654565   654733   654815   654820   654900   654991   655207   655218   655370   655518   655645   655816   655826   
655916   655919   656246   656267   656386   656818   657059   657060   657231   657275   657324   657398   657438   657557   657779   658122   658144   658187   658296   658321   658707   658741   658794   658802   658846   
658854   658981   658989   659020   659121   659368   659424   659532   659553   659650   659792   659817   659968   660039   660054   660189   660401   660466   660522   660562   660674   660684   660913   660925   660931   
661261   661276   661365   661372   661374   661379   661605   661843   662023   662024   662048   662084   662108   662128   662208   662255   662345   662578   662590   662607   662713   662833   662921   662955   663049   
663094   663119   663136   663185   663297   663314   663393   663409   663436   663499   663504   663539   663791   663908   663930   663974   663982   664067   664118   664299   664480   664764   664831   664860   664932   
665011   665050   665091   665133   665221   665313   665318   665387   665548   665869   666011   666047   666182   666219   666301   666336   666383   666415   666557   666577   666669   666704   666736   666908   666945   
667104   667185   667482   667553   667575   667924   667971   668070   668075   668102   668210   668483   668723   668773   668774   668816   669254   669289   669554   669590   669724   669766   669778   669864   669865   
670221   670226   670329   670400   670662   670838   670866   670910   670987   671479   671632   671636   671658   671694   671739   671743   671831   672191   672303   672377   672549   672784   672921   672945   672962   
673077   673148   673203   673240   673249   673436   673447   673448   673705   673900   673951   673959   673994   674000   674030   674455   674541   674605   674621   674652   674723   674839   675076   675140   675305   
675345   675672   675789   675941   676054   676336   676400   676410   676423   676499   676531   676569   676778   676857   676936   677480   677544   677691   677730   677744   677748   677881   677913   678155   678189   
678201   678310   678312   678399   678412   678672   678674   678802   678872   678900   678928   678963   678988   679080   679097   679248   679566   679575   679626   679653   679660   679689   679693   679750   679824   
679926   679958   680032   680307   680546   680686   680856   680954   681022   681162   681262   681315   681329   681399   681426   681474   681541   681622   681667   681950   682150   682247   682253   682270   682278   
682333   682405   682461   682475   682579   682686   682688   682954   683050   683147   683240   683257   683394   683416   683441   683582   683734   683768   684124   684197   684409   684484   684569   684585   684595   
684907   684915   684931   684960   685067   685198   685326   685354   685360   685520   686010   686054   686087   686240   686377   686639   686698   686728   686964   687137   687252   687313   687455   687466   687483   
687612   687665   687671   687778   687852   688020   688114   688420   688619   688741   688888   689051   689174   689220   689555   689755   689867   689885   689935   689943   690013   690018   690025   690208   690303   
690365   690508   690785   690881   690900   691067   691127   691132   691489   691504   691552   691690   691907   691918   692115   692116   692158   692369   692469   692510   692633   692667   692961   693267   693349   
693356   693501   693564   693616   693643   693760   693770   693912   694063   694067   694096   694105   694695   694699   694781   694849   694904   694924   694959   695108   695197   695205   695219   695300   695306   
695309   695323   695507   695588   695740   695759   695790   695878   696232   696397   696432   696995   697061   697097   697351   697366   697654   697687   697708   697798   697989   698099   698364   699008   699110   
699157   699166   699232   699414   699601   699817   699911   699976   700181   700199   700260   700327   700495   700543   700597   700637   700814   700982   701002   701046   701072   701373   701466   701476   701501   
701605   701783   701865   701927   702116   702145   702153   702328   702360   702387   702526   702555   702610   702858   702862   702913   703099   703152   703206   703245   703432   703505   703522   703703   703717   
703759   703800   703883   703910   703936   704173   704322   704707   705210   705522   705760   705812   706054   706506   706738   706746   706945   707065   707066   707103   707190   707236   707259   707389   707428   
707451   707459   707553   707607   707636   707772   707852   707892   708195   708235   708389   708392   708406   708620   708621   708884   708973   709040   709084   709130   709557   709574   709727   709779   709810   
709908   709923   709999   710011   710028   710219   710318   710348   710396   710647   711074   711153   711214   711226   711249   711260   711335   711366   711410   711539   711581   711582   711633   711833   711961   
711989   712081   712181   712267   712287   712834   713034   713212   713377   713482   713525   713545   713644   713654   713701   713713   713849   713909   713935   713956   713973   714150   714286   714320   714468   
714479   714623   714630   714652   714738   714747   714756   714797   714991   715012   715208   715219   715283   715441   715754   715828   715855   715969   715983   716011   716074   716138   716334   716465   716556   
716750   717066   717069   717098   717167   717469   717602   717618   717621   717655   717726   717799   717972   718018   718056   718069   718242   718383   718438   718528   718529   718581   718661   718835   718890   
719015   719092   719181   719199   719431   719510   719644   719799   719939   720106   720225   720352   720440   720542   720689   720759   720801   720934   721076   721264   721269   721459   721537   721648   721692   
721910   721947   721951   722045   722147   722149   722156   722196   722221   722254   722529   722613   722879   722980   723069   723095   723136   723185   723210   723355   723565   723635   723804   723825   723846   
724052   724162   724253   724503   724574   724778   724810   724932   725015   725029   725106   725136   725205   725214   725284   725429   725503   725569   725644   725668   725754   725809   726084   726126   726279   
726475   726820   727023   727037   727254   727542   727622   727660   727663   727668   727677   727830   727938   728125   728128   728175   728287   728624   728628   728849   729026   729046   729091   729102   729303   
729592   729632   729811   729842   729896   729950   729986   730005   730037   730160   730354   730396   730457   730471   730488   730592   730623   730721   731258   731267   731315   731327   731443   731597   731822   
731823   731856   732431   732521   732637   732814   732975   733160   733206   733350   733469   733611   733688   733780   733878   733972   734338   734420   734522   734567   734601   734629   735072   735083   735118   
735209   735234   735364   735444   735468   735633   735746   735768   735813   735851   736029   736108   736251   736310   736408   736491   736551   736643   736647   736723   736790   736858   736886   736969   737060   
737326   737496   737660   737833   737957   738126   738154   738169   738318   738330   738501   738527   738555   738581   738611   738618   739004   739015   739066   739075   739587   739657   739678   739717   739770   
740017   740285   740485   740528   740537   740769   741108   741317   741474   741516   741632   741679   741866   741874   741875   742079   742092   742131   742151   742243   742247   742344   742347   742367   742416   
742456   742460   742511   742542   742543   742635   742653   742661   742808   742834   742952   742975   743035   743115   743176   743209   743332   743477   743587   743748   743893   743895   743903   744048   744266   
744425   744483   744569   744793   744908   744972   744974   745275   745307   745332   745574   745746   745776   745812   745819   745887   745940   745956   746140   746243   746256   746284   746287   746293   746630   
746809   746844   746961   747034   747191   747256   747281   747555   747566   747598   747601   747605   747662   747718   747741   747783   747884   747936   748141   748277   748289   748323   748616   748680   748685   
748692   748825   748826   749114   749148   749417   749461   749519   749609   749647   749858   749863   750059   750090   750215   750449   750639   750660   750662   750677   750697   750702   750743   750792   750978   
751041   751142   751168   751263   751267   751451   751758   752283   752374   752457   752461   752743   752842   752939   752946   752947   752961   753000   753042   753161   753176   753197   753277   753303   753377   
753379   753385   753517   753749   754055   754089   754326   754457   754616   754643   754819   754842   754932   755021   755108   755460   755502   755561   755787   755970   756022   756200   756335   756455   756461   
756642   756701   756837   756892   757043   757158   757166   757194   757309   757313   757365   757806   757927   757930   758005   758062   758076   758099   758316   758356   758365   758793   759221   759317   759327   
759363   759438   759554   759674   759680   759749   759822   759963   760109   760114   760212   760427   760466   760514   760570   760596   760612   760767   760807   760956   760987   761040   761167   761171   761319   
761402   761486   761513   761615   761715   761781   761829   761837   761929   761979   762024   762085   762149   762225   762275   762443   762506   762560   762833   762882   763053   763414   763454   763466   763571   
763600   763786   763975   764178   764210   764212   764246   764292   764393   764415   764503   764533   764648   764656   764880   764916   764937   764957   765093   765306   765386   765405   765480   765521   765532   
765653   765758   765762   765770   765875   765946   766330   766375   766402   766438   766441   766468   766481   766523   766539   766617   766630   766679   766779   767047   767243   767353   767355   767532   767544   
767616   767681   767859   768017   768096   768276   768317   768523   768601   768652   768714   768911   769113   769245   769438   769551   769699   769780   769808   770085   770139   770163   770176   770180   770201   
770227   770303   770374   770422   770440   770526   770529   770604   770605   770709   770795   770813   770909   770910   770976   771092   771209   771523   771536   771672   771776   771832   772051   772235   772242   
772268   772311   772321   772396   772449   772463   772606   772631   772638   772649   772847   772867   772873   773033   773052   773111   773121   773240   773707   773729   773865   773988   773998   774053   774163   
774183   774246   774313   774380   774709   774805   775112   775148   775168   775268   775387   775389   775394   775475   775516   775685   775733   775901   775924   776040   776113   776155   776290   776430   776522   
776569   776683   776748   776924   777167   777348   777498   777545   777639   777778   778031   778074   778099   778119   778333   778355   778457   778513   778520   778698   778699   778713   778748   778762   779003   
779011   779130   779294   779337   779365   779450   779589   779610   779624   780005   780098   780133   780160   780638   780860   780924   780945   781125   781188   781252   781318   781348   781378   781430   781525   
781560   781745   781762   782000   782038   782250   782329   782437   782566   782712   782731   782882   782952   783036   783073   783116   783227   783360   783383   783424   783523   783575   783600   783813   783923   
783936   784191   784210   784278   784371   784640   784823   784848   785013   785075   785077   785091   785139   785156   785238   785294   785483   785501   785644   785802   785826   785855   785981   786007   786025   
786040   786185   786237   786241   786324   786403   786477   786624   786674   786703   786757   786782   786961   787018   787120   787193   787286   787729   787872   787893   787901   788069   788099   788240   788429   
788699   788794   788856   788860   788864   789090   789174   789271   789611   789670   789759   789912   789981   790013   790225   790253   790487   790648   790664   790756   790890   790937   791032   791045   791142   
791293   791457   791476   791524   791735   791769   791839   792020   792024   792088   792223   792459   792494   792507   792529   792734   792841   792956   793096   793126   793133   793135   793253   793267   793285   
793329   793544   793559   793911   793917   794167   794218   794240   794348   794375   794519   794546   794579   794589   794730   794767   794873   794875   794916   795317   795379   795624   795655   795984   796040   
796046   796056   796705   796812   796862   796873   796944   796945   797063   797110   797205   797473   797838   797879   797896   798091   798197   798220   798225   798360   798399   798534   798560   798598   798730   
798762   799027   799087   799201   799330   799417   799708   799746   799851   799956   799980   800051   800064   800141   800305   800582   800701   800738   800855   800869   800937   801199   801257   801421   801432   
801612   802121   802126   802143   802317   802336   802473   802478   802664   802734   802844   802918   802987   803054   803207   803360   803493   803609   803650   803853   803912   803999   804002   804039   804261   
804399   804508   804664   804931   805030   805049   805126   805168   805393   805744   805784   805847   806042   806156   806245   806287   806288   806373   806500   806645   806766   806777   806912   807128   807181   
807234   807516   807518   807531   807564   807630   807642   807834   807850   807937   807951   808223   808421   808698   808868   809127   809255   809329   809418   809456   809502   809582   809703   809734   809788   
809847   810121   810137   810301   810317   810422   810424   810482   810662   810663   810667   810799   810997   811186   811267   811361   811409   811492   811528   811605   811607   811873   812053   812063   812086   
812178   812365   812440   812460   812584   812687   812798   812929   813104   813206   813217   813482   813706   813858   813931   814401   814830   814870   815001   815122   815181   815202   815399   815442   815451   
815998   816003   816071   816166   816190   816224   816241   816342   816554   816633   816794   816812   816985   817168   817247   817322   817423   817494   817532   817568   817623   817818   817837   817839   817896   
817985   818070   818379   818410   818537   818762   818773   818808   818833   819141   819157   819227   819241   819360   819450   819503   819521   819674   819777   819913   820344   820462   820465   820625   820752   
820973   821086   821293   821417   821456   821479   821536   821732   821750   821906   821992   821996   822087   822113   822329   822392   822431   822525   822529   822553   822984   822993   823014   823036   823044   
823073   823229   823318   823405   823641   823703   823767   823807   823878   824089   824133   824141   824431   824855   824937   825025   825053   825398   825537   825621   825713   825747   825891   825964   825973   
825989   826169   826298   826461   826484   827078   827167   827255   827273   827363   827432   827463   827546   827594   827773   827883   827983   828005   828052   828254   828312   828469   828761   828854   828898   
828996   829301   829336   829341   829401   829448   829492   829572   829769   829815   829864   829885   829984   830074   830159   830299   830311   830347   830450   830520   830815   830843   830998   831012   831175   
831400   831449   831542   831600   831635   831683   831741   831859   831936   832068   832314   832348   832551   832575   832628   832644   832720   832732   832820   832823   832925   833013   833150   833160   833164   
833599   833718   833721   833797   833802   833832   834025   834061   834070   834073   834148   834303   834346   834379   834398   834487   834652   834679   834690   834732   834762   834802   834979   835183   835308   
835367   835426   835458   835710   835727   835880   835911   835966   837066   837106   837155   837235   837480   837573   837606   837616   837760   837798   838020   838100   838133   838182   838193   838248   838308   
838829   838862   838915   838934   838992   839073   839271   839274   839350   839351   839382   839396   839430   839501   839671   839707   839825   840097   840373   840462   840547   840548   840678   840750   840834   
840856   840920   841009   841075   841132   841237   841266   841582   841587   841637   841806   841918   841998   842045   842081   842163   842226   842249   842279   842329   842607   842781   843193   843257   843391   
843711   843839   844131   844244   844308   844386   844447   844476   844522   844579   844596   844614   844624   844719   844861   844933   845032   845048   845078   845199   845334   845335   845351   845594   845732   
845866   845952   845955   845959   846090   846219   846247   846359   846467   846562   846913   847176   847180   847253   847306   847401   847518   847672   847735   847778   847902   848057   848115   848122   848139   
848426   848437   848636   848678   848695   848764   848825   848937   849035   849094   849262   849273   849331   849355   849447   849496   849563   849606   849810   849852   849877   849937   849978   850016   850306   
850370   850420   850432   850519   850664   850695   851191   851196   851206   851330   851381   851661   851662   852099   852188   852424   852564   852619   852793   852873   853276   853453   853504   853532   853893   
853909   853964   854027   854173   854212   854224   854276   854357   854434   854452   854628   854759   854891   854966   855047   855080   855317   855405   855411   855550   855555   855610   855779   855787   855804   
855839   855931   856030   856140   856270   856417   856497   856528   856532   856680   856862   857036   857079   857098   857172   857200   857218   857349   857444   857675   857755   858042   858332   858418   858529   
858774   858978   858996   859140   859176   859226   859601   859630   859764   859765   859803   859862   860053   860223   860275   860383   860413   860450   860454   860665   860753   860754   860755   860759   860778   
860850   860888   860897   861014   861020   861068   861081   861136   861176   861307   861345   861382   861607   861730   861833   861842   861940   861970   862011   862029   862129   862342   862459   862570   862643   
862781   862850   863129   863435   863485   863501   863529   863549   863559   863877   863899   863948   864382   864586   864659   864760   864789   865051   865124   865149   865236   865298   865461   865517   866167   
866197   866219   866242   866616   866772   866813   866881   867080   867130   867133   867161   867175   867306   867486   867540   867560   867672   868206   868243   868500   868595   868725   868850   869079   869080   
869177   869451   869972   870025   870045   870082   870191   870333   870367   870498   870539   870630   870933   871127   871220   871265   871319   871383   871473   871493   871548   871567   871600   871769   871777   
871897   871917   871972   872005   872023   872034   872144   872443   872560   872645   872675   872691   872869   872898   872920   872982   873217   873226   873558   873574   873626   873705   873892   873965   874036   
874105   874128   874159   874216   874332   874492   874535   874628   874714   874809   874815   874873   875069   875077   875394   875477   875619   875640   875709   
